600 600
600 600
600 600
600 600
600 600
600 600
600 600
600 600
.02000000000000000000 .01200000000000000000
.02000000000000000000 .02000000000000000000
.02400000000000000000 .02000000000000000000
.02400000000000000000 .01600000000000000000
.01200000000000000000 .02400000000000000000
.01600000000000000000 .02000000000000000000
.01600000000000000000 .02000000000000000000
.01200000000000000000 .00800000000000000000
.00800000000000000000 .01600000000000000000
.01600000000000000000 .01200000000000000000
.01600000000000000000 .01600000000000000000
.00800000000000000000 .01600000000000000000
.01200000000000000000 .00800000000000000000
.02000000000000000000 .01600000000000000000
.00800000000000000000 .01600000000000000000
.01200000000000000000 .01200000000000000000
.01600000000000000000 .01200000000000000000
.01200000000000000000 .01600000000000000000
.01200000000000000000 .01600000000000000000
.02800000000000000000 .02000000000000000000
.02400000000000000000 .02000000000000000000
.01600000000000000000 .01600000000000000000
600 600
600 600
600 600
.01600000000000000000 .02000000000000000000
600 600
600 600
600 600
.01600000000000000000 .01200000000000000000
600 600
600 600
600 600
600 600
600 600
600 600
600 600
600 600
600 .04000000000000000000
600 .02400000000000000000
600 .30000000000000000000
600 600
600 600
600 600
600 600
600 600
600 600
600 600
600 600
600 600
600 600
.01200000000000000000 600
600 600
600 .02400000000000000000
600 .02400000000000000000
600 .40400000000000000000
600 600
600 600
600 600
600 600
600 600
.00800000000000000000 .01600000000000000000
600 600
600 600
600 600
600 600
600 600
600 600
600 600
600 600
600 600
600 600
.00800000000000000000 .02000000000000000000
600 600
600 .02000000000000000000
600 600
600 600
600 600
600 600
600 600
600 600
600 600
600 600
600 600
600 600
600 600
.02000000000000000000 600
600 600
600 600
600 600
600 600
600 600
600 600
.01200000000000000000 .02400000000000000000
600 600
600 600
600 600
600 600
600 29.42600000000000000000
600 94.30200000000000000000
1.01600000000000000000 .45600000000000000000
.01200000000000000000 .01200000000000000000
.03200000000000000000 600
.04000000000000000000 600
.01600000000000000000 .01600000000000000000
.01200000000000000000 .02800000000000000000
1.87600000000000000000 .07200000000000000000
.01600000000000000000 .02000000000000000000
.01200000000000000000 .00800000000000000000
