.00800000000000000000 .00400000000000000000
0 0
600 0
.00800000000000000000 .01200000000000000000
0 .00400000000000000000
.00400000000000000000 0
.01600000000000000000 .01200000000000000000
.00800000000000000000 0
.00400000000000000000 .00400000000000000000
.02000000000000000000 .01200000000000000000
.00800000000000000000 .00400000000000000000
600 .01200000000000000000
.01600000000000000000 .01200000000000000000
.00800000000000000000 .00400000000000000000
600 .00800000000000000000
.01200000000000000000 .01200000000000000000
.01600000000000000000 0
.00400000000000000000 .00800000000000000000
.02800000000000000000 .01600000000000000000
.00400000000000000000 0
.00400000000000000000 .00400000000000000000
.01200000000000000000 .01200000000000000000
.00400000000000000000 .00800000000000000000
.01200000000000000000 .00800000000000000000
.01200000000000000000 .01600000000000000000
.00400000000000000000 .00400000000000000000
0 .00400000000000000000
.01200000000000000000 .00800000000000000000
.00800000000000000000 .00800000000000000000
.01200000000000000000 .00800000000000000000
.01200000000000000000 .02000000000000000000
.00800000000000000000 0
.00400000000000000000 .00400000000000000000
.01200000000000000000 .01600000000000000000
.00400000000000000000 .00400000000000000000
.00800000000000000000 .00400000000000000000
.01200000000000000000 .01200000000000000000
.00800000000000000000 .00400000000000000000
.00800000000000000000 .00800000000000000000
.01200000000000000000 .01200000000000000000
.00400000000000000000 .00400000000000000000
600 .00800000000000000000
.02000000000000000000 .01600000000000000000
.00400000000000000000 0
600 .01200000000000000000
.01200000000000000000 .01200000000000000000
0 0
.00400000000000000000 0
.02000000000000000000 .01600000000000000000
.01600000000000000000 .00800000000000000000
.00800000000000000000 .00800000000000000000
.02000000000000000000 .01600000000000000000
.00400000000000000000 .00400000000000000000
.01200000000000000000 .00400000000000000000
.02000000000000000000 600
.01600000000000000000 .00400000000000000000
.00400000000000000000 .00800000000000000000
.02000000000000000000 .01200000000000000000
.00800000000000000000 .00800000000000000000
.00400000000000000000 .00800000000000000000
.02000000000000000000 .00800000000000000000
.01200000000000000000 .00800000000000000000
.00800000000000000000 .00400000000000000000
.02000000000000000000 .00800000000000000000
.00800000000000000000 600
.01200000000000000000 .00800000000000000000
.03200000000000000000 .04800000000000000000
.00400000000000000000 .00400000000000000000
.00800000000000000000 600
.02400000000000000000 .00800000000000000000
.00800000000000000000 600
.00400000000000000000 .00800000000000000000
.03200000000000000000 .03200000000000000000
.00800000000000000000 600
.00800000000000000000 .00800000000000000000
.03200000000000000000 .02400000000000000000
.01600000000000000000 600
.00800000000000000000 .00800000000000000000
.03600000000000000000 .01600000000000000000
.01200000000000000000 600
.00800000000000000000 .00800000000000000000
.03200000000000000000 .05200000000000000000
.00800000000000000000 600
.00800000000000000000 .00800000000000000000
.03200000000000000000 .02000000000000000000
.01200000000000000000 600
.00400000000000000000 .00800000000000000000
.02800000000000000000 .02400000000000000000
.01200000000000000000 600
.00400000000000000000 .00400000000000000000
.03600000000000000000 .02800000000000000000
.00400000000000000000 0
600 0
.00800000000000000000 .01200000000000000000
.00400000000000000000 .00400000000000000000
.00400000000000000000 0
.02000000000000000000 .00800000000000000000
.01200000000000000000 0
.00400000000000000000 .00800000000000000000
.02000000000000000000 .01600000000000000000
.00800000000000000000 .00400000000000000000
.01200000000000000000 .02400000000000000000
.00800000000000000000 .01200000000000000000
.00800000000000000000 .00400000000000000000
.00800000000000000000 0
.01600000000000000000 .01200000000000000000
.00400000000000000000 0
.00800000000000000000 .01200000000000000000
.02800000000000000000 .02000000000000000000
.00800000000000000000 .00400000000000000000
.00400000000000000000 0
.01200000000000000000 .00400000000000000000
0 0
.00400000000000000000 .00400000000000000000
.00800000000000000000 .00400000000000000000
0 .00400000000000000000
.00400000000000000000 .00400000000000000000
.01200000000000000000 .00800000000000000000
.00800000000000000000 .00400000000000000000
.00800000000000000000 .00400000000000000000
.01200000000000000000 .01200000000000000000
.00400000000000000000 0
.00800000000000000000 0
.00400000000000000000 .01200000000000000000
0 0
.00800000000000000000 .00400000000000000000
.03600000000000000000 .00400000000000000000
.01200000000000000000 .00800000000000000000
.02800000000000000000 .00400000000000000000
.00800000000000000000 .00800000000000000000
.00800000000000000000 .00400000000000000000
.00400000000000000000 .00800000000000000000
600 600
600 600
.00400000000000000000 0
.00400000000000000000 .00400000000000000000
.00400000000000000000 .00800000000000000000
.01200000000000000000 .00400000000000000000
.01200000000000000000 .00400000000000000000
.03600000000000000000 .01200000000000000000
.00400000000000000000 0
.00800000000000000000 0
.00800000000000000000 .00400000000000000000
.00400000000000000000 0
.00800000000000000000 .00800000000000000000
.00800000000000000000 .00800000000000000000
.00400000000000000000 0
0 .00400000000000000000
.01200000000000000000 .00800000000000000000
.00800000000000000000 .00800000000000000000
.00400000000000000000 .00800000000000000000
.00800000000000000000 .01200000000000000000
.01200000000000000000 .00400000000000000000
.00800000000000000000 .00400000000000000000
.03600000000000000000 .00800000000000000000
.16000000000000000000 .00400000000000000000
.01600000000000000000 .00800000000000000000
.06800000000000000000 .01200000000000000000
600 600
0 600
600 600
.00800000000000000000 600
0 600
600 600
.01600000000000000000 600
.01200000000000000000 .01200000000000000000
.01200000000000000000 .01200000000000000000
.01200000000000000000 .01200000000000000000
.00800000000000000000 .00800000000000000000
12.72100000000000000000 600
.02000000000000000000 .02000000000000000000
.03200000000000000000 .04400000000000000000
.01200000000000000000 .00800000000000000000
.01200000000000000000 .01600000000000000000
.01600000000000000000 .01600000000000000000
.01600000000000000000 .02400000000000000000
.73600000000000000000 .01600000000000000000
.73600000000000000000 .16400000000000000000
.01200000000000000000 .01200000000000000000
.01600000000000000000 .00800000000000000000
.01200000000000000000 .01600000000000000000
.01200000000000000000 .01600000000000000000
.00800000000000000000 .01200000000000000000
.00800000000000000000 .01600000000000000000
.01200000000000000000 .01600000000000000000
.01600000000000000000 .01200000000000000000
.01200000000000000000 .01200000000000000000
.01600000000000000000 .01600000000000000000
.00800000000000000000 .01600000000000000000
.01600000000000000000 .00800000000000000000
.01200000000000000000 .01200000000000000000
.01600000000000000000 .01600000000000000000
.00800000000000000000 .01600000000000000000
.01200000000000000000 .01200000000000000000
.00800000000000000000 .00400000000000000000
.01600000000000000000 .01200000000000000000
.00800000000000000000 .01600000000000000000
.01200000000000000000 .01200000000000000000
.00400000000000000000 .01600000000000000000
.01600000000000000000 .01600000000000000000
.01200000000000000000 .01600000000000000000
.02000000000000000000 .01600000000000000000
.01200000000000000000 .00800000000000000000
.01600000000000000000 .01200000000000000000
.01200000000000000000 .01200000000000000000
.01600000000000000000 .01200000000000000000
.00800000000000000000 .01600000000000000000
.01200000000000000000 .00800000000000000000
.01200000000000000000 .00800000000000000000
.01600000000000000000 .01600000000000000000
.01200000000000000000 .00800000000000000000
.01600000000000000000 .01600000000000000000
.01200000000000000000 .01600000000000000000
.01200000000000000000 .01200000000000000000
.01600000000000000000 .01600000000000000000
.01200000000000000000 .01600000000000000000
2.42000000000000000000 600
.21200000000000000000 .02400000000000000000
.08800000000000000000 .03600000000000000000
.01600000000000000000 .01600000000000000000
.01600000000000000000 .00800000000000000000
.01200000000000000000 .01600000000000000000
.01600000000000000000 .01600000000000000000
.01200000000000000000 .00800000000000000000
.00800000000000000000 .00800000000000000000
28.61800000000000000000 600
24.19800000000000000000 600
.02800000000000000000 600
.02000000000000000000 .07600000000000000000
.07200000000000000000 600
.02800000000000000000 .92400000000000000000
.07200000000000000000 600
.03200000000000000000 1.54800000000000000000
.01200000000000000000 .01600000000000000000
.00800000000000000000 .01200000000000000000
.00800000000000000000 .01200000000000000000
.02000000000000000000 .02000000000000000000
.00800000000000000000 .01600000000000000000
.01600000000000000000 .02000000000000000000
.03200000000000000000 .01200000000000000000
600 600
600 600
600 600
.00400000000000000000 .00400000000000000000
.02800000000000000000 .01200000000000000000
.02800000000000000000 .00800000000000000000
600 0
600 .01200000000000000000
.00800000000000000000 .02800000000000000000
.00400000000000000000 0
.01600000000000000000 .35200000000000000000
600 600
600 600
600 600
.00800000000000000000 600
.04800000000000000000 600
.00800000000000000000 600
.02000000000000000000 600
.00800000000000000000 0
.00800000000000000000 600
.02400000000000000000 600
.01200000000000000000 0
.13600000000000000000 .16800000000000000000
.00400000000000000000 600
.06400000000000000000 600
.00800000000000000000 .00400000000000000000
.03600000000000000000 .05600000000000000000
600 600
.79600000000000000000 .00400000000000000000
600 .01600000000000000000
.79600000000000000000 .00400000000000000000
600 600
50.31100000000000000000 8.56900000000000000000
.47200000000000000000 .01600000000000000000
.47600000000000000000 600
.01200000000000000000 600
.00800000000000000000 .00800000000000000000
.00400000000000000000 .00400000000000000000
.66400000000000000000 .02400000000000000000
.00800000000000000000 0
600 600
600 600
7.08000000000000000000 .00400000000000000000
600 1.88000000000000000000
600 1.87200000000000000000
600 600
600 4.10400000000000000000
600 600
600 600
1.04400000000000000000 600
1.89600000000000000000 .00400000000000000000
1.29200000000000000000 .00800000000000000000
2.71600000000000000000 .00400000000000000000
.01200000000000000000 .00800000000000000000
2.34000000000000000000 .01200000000000000000
.03200000000000000000 .00400000000000000000
.02000000000000000000 .00400000000000000000
.00800000000000000000 .00400000000000000000
.00800000000000000000 .00400000000000000000
.04000000000000000000 9.46900000000000000000
.08400000000000000000 .00800000000000000000
.08000000000000000000 .00800000000000000000
.00800000000000000000 .00800000000000000000
.02800000000000000000 .00800000000000000000
.18800000000000000000 .01200000000000000000
.02400000000000000000 .00800000000000000000
.01600000000000000000 .00400000000000000000
.20000000000000000000 .00400000000000000000
.20000000000000000000 .00800000000000000000
.54000000000000000000 1.12800000000000000000
.23200000000000000000 .00400000000000000000
600 .22000000000000000000
600 .21200000000000000000
600 600
3.34800000000000000000 .01600000000000000000
3.36400000000000000000 .01200000000000000000
3.34400000000000000000 .01200000000000000000
3.33600000000000000000 .00800000000000000000
3.36000000000000000000 .01600000000000000000
3.38400000000000000000 .01600000000000000000
3.40000000000000000000 .00800000000000000000
3.36000000000000000000 .00800000000000000000
.01600000000000000000 .00400000000000000000
600 600
600 600
2.53600000000000000000 .00400000000000000000
600 600
1.73600000000000000000 .02400000000000000000
.01600000000000000000 .01200000000000000000
.10400000000000000000 .01200000000000000000
.00800000000000000000 .01200000000000000000
.28000000000000000000 .01200000000000000000
9.61300000000000000000 600
.22400000000000000000 .01200000000000000000
.01200000000000000000 .01600000000000000000
.01200000000000000000 .00800000000000000000
4.71600000000000000000 .01200000000000000000
.36000000000000000000 .00800000000000000000
.36400000000000000000 .00800000000000000000
.00400000000000000000 .01600000000000000000
.02000000000000000000 .00800000000000000000
.02400000000000000000 .05600000000000000000
.01200000000000000000 600
.01200000000000000000 600
.00800000000000000000 600
.01200000000000000000 600
.11600000000000000000 .01200000000000000000
.11600000000000000000 .00800000000000000000
15.01300000000000000000 .03200000000000000000
14.99700000000000000000 .04000000000000000000
.02000000000000000000 .01600000000000000000
.02000000000000000000 .01200000000000000000
.03200000000000000000 .01200000000000000000
600 600
600 600
15.08500000000000000000 .02800000000000000000
15.11700000000000000000 .02800000000000000000
600 600
.03200000000000000000 .04000000000000000000
600 600
.01600000000000000000 .37200000000000000000
.02800000000000000000 .01200000000000000000
600 600
600 600
600 600
169.19900000000000000000 .01600000000000000000
.02800000000000000000 600
38.01000000000000000000 600
1.41600000000000000000 .01200000000000000000
1.34000000000000000000 .01200000000000000000
1.36800000000000000000 .01600000000000000000
1.32800000000000000000 .01200000000000000000
1.34400000000000000000 .01200000000000000000
1.36400000000000000000 .01600000000000000000
1.35600000000000000000 .01600000000000000000
1.81600000000000000000 .01200000000000000000
1.80000000000000000000 .01200000000000000000
1.80800000000000000000 .01200000000000000000
1.80000000000000000000 .01200000000000000000
1.79200000000000000000 .01200000000000000000
1.74400000000000000000 .01600000000000000000
600 600
.09600000000000000000 .08400000000000000000
3.06000000000000000000 .01600000000000000000
3.08400000000000000000 .01200000000000000000
3.06800000000000000000 .01600000000000000000
3.06800000000000000000 .00800000000000000000
3.05600000000000000000 .00800000000000000000
3.08400000000000000000 .01200000000000000000
3.06000000000000000000 .01600000000000000000
3.08000000000000000000 .01600000000000000000
3.06400000000000000000 .01600000000000000000
3.06400000000000000000 .01200000000000000000
3.06000000000000000000 .01200000000000000000
3.04400000000000000000 .01600000000000000000
.65600000000000000000 .01200000000000000000
600 600
126.28400000000000000000 .49600000000000000000
125.87600000000000000000 .48000000000000000000
600 600
600 600
.29200000000000000000 .02000000000000000000
.32000000000000000000 .02000000000000000000
1.30000000000000000000 .02400000000000000000
1.85200000000000000000 .02400000000000000000
1.30000000000000000000 .02000000000000000000
1.86000000000000000000 .02400000000000000000
1.29600000000000000000 .02400000000000000000
1.86000000000000000000 .02400000000000000000
1.29200000000000000000 .01600000000000000000
1.85600000000000000000 .02000000000000000000
600 600
600 600
600 600
600 .03600000000000000000
600 600
600 .48000000000000000000
600 .50400000000000000000
600 600
.02800000000000000000 .08800000000000000000
.07600000000000000000 1.62800000000000000000
.07600000000000000000 .04800000000000000000
.10000000000000000000 .01600000000000000000
.01600000000000000000 .01600000000000000000
600 600
600 .04800000000000000000
.02800000000000000000 .01600000000000000000
600 600
600 600
