0.01 0.00
0.01 1.25
0.01 1.28
0.00 0.01
0.00 0.01
0.01 0.02
0.02 0.01
0.01 1.26
0.15 1.29
0.01 0.01
0.01 1.26
0.01 0.19
0.01 0.00
0.01 1.23
0.00 0.01
0.02 0.01
0.02 1.25
0.03 1.28
0.00 0.01
0.00 0.01
0.01 0.01
0.00 0.22
0.02 1.27
0.02 1.26
0.01 0.01
0.00 0.01
0.00 0.02
0.00 0.01
0.01 1.25
0.01 0.05
0.00 0.01
0.01 1.26
0.02 1.27
0.01 0.03
0.01 1.30
0.01 1.34
0.01 0.65
0.01 1.37
0.02 1.33
0.01 0.01
0.01 1.26
0.00 1.26
0.01 0.00
0.01 1.21
0.01 1.31
0.00 0.00
0.00 0.01
0.01 1.24
0.02 0.01
0.02 1.26
0.15 1.31
0.01 0.04
0.00 1.26
0.05 1.24
0.01 0.02
0.01 1.27
0.01 1.26
0.02 0.02
0.02 1.28
0.01 1.27
0.02 0.46
0.01 1.46
0.02 1.28
0.35 0.04
0.08 0.02
0.90 1.48
0.01 0.01
0.00 0.01
0.02 0.02
0.02 0.16
0.02 0.01
0.27 1.27
0.02 0.25
0.02 0.01
0.29 1.25
0.16 0.08
0.04 0.10
0.20 1.36
0.21 0.10
0.04 0.02
0.50 1.26
0.02 0.01
0.02 0.02
0.50 1.27
0.02 0.08
0.03 0.02
0.48 1.27
0.53 0.08
0.03 0.10
0.49 1.28
0.01 0.01
0.01 1.27
0.00 2.80
0.00 0.02
0.01 1.26
0.26 4.52
0.13 0.06
0.12 1.69
0.19 9.41
0.02 0.00
0.08 1.32
2.57 2.92
0.00 0.00
0.00 1.30
0.01 1.41
0.02 0.07
0.01 1.28
0.16 4.64
0.00 0.02
0.00 0.02
0.01 0.01
0.00 0.00
0.00 0.00
0.00 0.00
0.00 0.00
0.00 0.00
0.00 0.01
0.00 0.00
0.01 0.00
0.01 0.01
0.01 0.00
0.01 0.00
0.01 0.01
0.01 0.00
0.00 0.00
0.01 0.01
0.01 0.01
0.01 0.07
0.01 0.01
0.00 0.01
0.01 0.01
0.02 1.28
0.01 1.27
0.00 0.01
0.01 0.01
0.00 0.01
0.01 0.00
0.01 0.00
0.01 0.00
0.01 0.01
0.01 0.01
0.01 0.05
0.01 0.01
0.00 0.01
0.00 0.05
0.01 0.00
0.00 0.00
0.01 0.01
0.01 0.00
0.01 0.00
0.01 0.01
0.01 1.31
0.02 2.44
0.02 0.02
0.05 6.53
0.01 2.42
0.05 0.01
0.01 0.23
0.01 0.00
0.01 1.28
0.01 0.01
0.00 0.00
0.00 0.00
0.01 0.00
0.01 0.01
0.01 0.01
0.01 0.01
0.01 0.00
0.46 1.25
0.01 0.03
0.00 0.01
0.01 0.00
0.01 0.00
0.01 0.01
0.01 0.00
0.02 0.02
0.01 0.00
0.01 0.00
0.01 0.01
0.01 0.00
0.01 0.00
0.01 0.01
0.00 0.00
0.01 0.01
0.00 0.01
0.01 0.01
0.01 0.00
0.01 0.00
0.01 0.01
0.01 0.01
0.01 0.00
0.00 0.00
0.01 1.25
0.00 0.00
0.01 0.01
0.01 0.01
0.01 1.28
0.01 0.00
0.00 0.00
0.01 0.01
0.01 1.28
0.00 0.01
0.01 0.01
0.00 0.01
0.00 0.00
0.01 0.01
0.01 0.01
0.01 0.00
0.01 0.01
0.00 0.00
0.00 0.01
0.00 0.01
0.01 0.00
0.01 0.01
0.01 0.01
0.44 1.26
0.07 0.01
0.03 3.36
0.01 0.00
0.01 0.01
0.00 0.01
0.00 0.00
0.01 0.00
0.01 0.01
0.46 0.01
0.47 0.01
0.01 0.01
0.01 0.03
0.01 0.00
0.01 0.03
0.01 0.01
0.01 0.01
0.01 0.01
0.01 0.01
0.01 0.01
0.01 0.01
0.00 0.01
0.01 0.01
0.00 0.01
0.01 0.01
0.43 0.11
0.38 0.01
1.95 25.36
0.01 0.00
0.01 0.00
0.00 1.28
0.38 0.00
0.38 0.01
0.01 0.00
0.00 0.01
0.02 1.26
9.78 16.03
25.08 11.72
600 600
0.01 1.60
0.01 6.06
0.01 2.73
0.02 14.16
0.00 0.02
0.01 5.12
0.01 14.05
0.00 0.00
0.18 1.16
0.00 0.00
0.01 0.02
0.00 5.60
0.37 11.39
0.00 0.06
0.40 0.01
0.03 9.08
0.42 0.01
0.01 0.00
6.82 0.83
0.06 16.13
9.32 16.19
0.01 0.02
0.01 600
0.00 0.00
0.20 0.02
0.01 0.00
0.08 0.00
9.30 600
0.00 1.39
0.01 0.00
0.02 0.01
0.01 15.71
9.44 0.00
0.02 0.01
0.02 0.02
0.01 0.01
0.01 1.27
0.01 1.25
0.00 1.26
0.00 0.07
0.00 1.24
0.04 4.54
0.04 4.48
0.01 0.01
0.01 0.01
0.01 0.04
0.01 0.21
0.01 0.21
0.01 0.00
0.00 0.12
0.03 8.50
0.01 0.05
0.00 15.89
0.02 19.36
0.01 17.03
0.04 16.24
0.00 15.87
27.36 0.04
30.84 0.02
0.08 0.02
0.00 6.80
0.01 13.15
0.00 7.04
0.00 13.45
0.00 16.80
0.00 33.84
0.01 16.37
0.01 33.94
0.01 0.61
0.26 51.47
0.09 600
0.08 15.85
24.95 24.13
0.02 0.08
0.01 0.01
0.01 1.27
0.01 0.01
0.02 1.27
0.02 0.01
0.02 1.27
7.70 1.25
0.01 0.01
0.01 0.01
0.02 18.25
0.02 18.09
0.02 0.02
0.02 600
0.05 0.12
0.02 0.23
0.02 0.23
0.01 0.22
0.01 0.22
0.06 1.84
0.06 1.65
0.21 0.25
0.21 0.23
0.00 0.03
0.01 0.02
0.01 0.03
0.09 10.34
5.52 0.03
0.19 0.01
0.20 0.01
0.00 0.01
0.06 0.00
5.61 0.28
0.06 0.01
0.00 0.00
0.08 0.02
0.27 0.02
0.26 0.02
0.04 0.02
0.01 1.31
0.02 1.30
0.01 9.87
0.01 1.26
0.01 1.26
0.01 1.25
0.01 1.26
0.01 1.26
0.01 1.26
0.00 0.02
0.01 0.02
0.00 0.02
0.01 0.02
0.01 0.01
0.01 0.00
0.02 0.02
0.07 0.02
0.01 1.26
0.01 1.28
0.02 1.25
0.01 1.27
0.01 1.25
0.02 1.27
0.01 1.24
0.01 1.22
0.02 1.25
0.02 1.27
0.01 1.24
0.02 1.26
0.00 2.60
0.05 0.37
0.05 0.07
0.05 0.06
0.30 1.52
0.02 0.43
0.04 1.29
0.04 1.28
0.04 1.38
0.04 1.31
0.04 1.35
0.05 1.30
0.05 1.41
0.05 1.31
0.04 1.35
0.04 1.29
0.02 0.12
0.02 0.22
0.02 16.09
0.02 0.09
0.02 0.08
0.04 16.20
0.05 16.53
0.01 0.03
0.01 0.00
0.02 0.02
0.02 1.30
0.01 0.03
0.01 0.05
0.01 0.16
0.02 0.64
0.01 0.01
0.12 0.25
0.02 0.02
