600 600
600 600
600 600
600 600
50.03 600
0.06 1.10
600 600
600 600
11.36 11.11
35.11 151.09
127.89 600
89.70 150.66
128.64 600
0.01 0.01
0.15 62.41
0.82 3.30
7.44 21.42
0.01 0.00
5.41 13.32
0.10 0.09
0.02 0.01
0.06 0.10
0.01 0.01
600 600
0.02 0.02
0.00 0.00
0.03 0.01
0.00 0.00
600 600
600 600
600 600
600 600
600 600
600 600
0.27 0.44
0.00 0.00
0.00 0.01
0.01 0.04
5.70 35.96
0.01 0.01
0.01 0.25
69.10 600
0.02 0.05
0.01 0.01
1.88 1.26
63.00 600
0.02 1.25
0.01 0.01
213.80 600
600 265.32
0.00 0.01
600 104.59
0.01 0.02
0.04 0.05
0.02 0.02
15.44 39.67
0.00 0.01
0.03 1.20
4.91 600
5.95 0.02
0.08 69.22
0.02 0.02
0.02 0.02
0.02 0.02
0.02 0.02
0.02 0.03
0.02 0.02
0.03 0.04
0.06 0.06
0.16 0.03
600 600
0.02 0.03
26.59 600
0.03 0.04
0.01 0.01
0.04 0.04
0.01 0.03
600 600
0.38 0.98
600 600
0.00 0.00
34.99 37.91
0.00 0.00
600 600
0.03 0.03
15.44 16.51
0.09 0.08
0.04 0.03
0.09 1.07
0.06 0.06
600 600
31.56 28.17
0.28 0.22
600 600
600 600
0.53 0.45
600 600
600 600
600 600
600 600
600 600
0.08 0.08
0.06 0.07
0.08 0.08
0.07 0.08
600 600
600 600
600 600
600 600
600 600
600 600
0.10 0.27
600 600
1.12 600
600 600
0.10 0.27
600 600
600 600
600 600
600 600
600 600
600 600
600 600
600 600
600 600
600 600
600 600
3.91 1.30
600 600
600 600
0.12 0.13
600 600
0.04 0.04
600 600
0.18 0.19
0.15 0.14
600 600
600 600
0.06 0.06
0.16 0.16
0.17 0.17
600 600
600 600
600 600
600 600
0.06 0.06
600 600
600 600
600 600
600 600
600 600
0.20 3.18
600 600
600 600
11.09 10.68
600 600
600 600
600 600
18.71 17.26
2.76 2.57
0.38 0.29
600 600
0.24 0.24
0.24 0.91
600 600
1.74 600
600 600
600 600
600 600
600 600
600 600
600 600
600 600
600 600
600 600
600 600
600 600
0.31 0.29
600 600
0.13 0.09
600 600
0.00 0.00
0.30 0.80
600 600
600 600
4.26 1.17
0.94 0.91
26.50 28.77
600 600
600 600
600 600
600 600
600 600
600 600
0.44 0.44
600 600
600 600
600 600
600 600
600 600
600 600
600 600
600 600
600 600
600 600
600 600
600 600
600 600
600 600
0.86 0.76
0.68 0.66
600 600
186.62 165.38
0.39 0.48
0.44 0.45
600 600
600 600
600 600
600 600
600 600
600 600
600 600
600 600
600 600
0.65 0.63
10.84 11.44
44.80 5.88
0.67 0.66
78.38 75.16
39.75 30.24
0.89 0.85
600 600
600 600
600 600
600 600
600 600
600 600
600 600
600 600
600 600
9.68 4.80
0.98 0.90
63.19 10.59
600 600
600 600
116.02 130.37
0.82 0.91
0.89 0.85
49.21 55.43
1.52 1.50
600 600
600 600
600 600
600 600
600 600
600 600
600 600
600 600
1.23 1.27
600 600
600 600
600 600
600 600
140.73 287.71
600 600
600 600
46.89 36.13
600 600
600 600
600 600
2.05 1.84
600 600
1.84 1.79
600 600
600 600
600 600
1.44 1.26
86.76 77.07
600 600
600 600
600 600
3.16 2.90
600 600
2.46 2.70
600 600
600 600
600 600
600 600
600 600
600 600
19.49 17.10
600 600
600 600
188.52 74.72
600 600
1.68 7.96
600 600
600 600
600 600
600 600
600 600
600 600
600 600
600 600
0.12 0.12
600 600
600 600
600 600
600 600
600 600
600 600
600 600
600 600
600 600
600 600
600 600
19.37 17.20
600 600
600 600
600 600
600 600
600 600
600 600
600 600
600 600
600 600
600 600
600 600
16.19 36.48
1.72 110.49
0.00 0.00
0.05 0.05
0.00 0.00
0.01 0.01
0.05 0.04
0.00 0.01
0.10 0.11
600 600
0.01 0.00
0.09 0.01
0.00 0.01
0.00 0.01
0.01 0.01
0.08 0.27
6.95 8.75
0.01 0.12
600 600
600 600
600 600
0.01 0.01
0.02 0.02
0.00 0.01
0.00 0.00
0.00 0.00
0.00 0.00
0.00 0.00
0.00 0.01
0.04 0.34
0.00 0.00
600 600
0.36 1.18
0.00 0.00
0.11 0.26
0.00 0.00
5.24 35.69
0.01 0.01
0.00 0.00
0.01 0.01
0.00 0.00
0.00 0.00
12.52 10.95
0.00 0.00
0.10 0.98
138.27 600
0.03 0.08
0.22 0.05
0.01 0.07
0.00 0.00
0.00 0.00
0.00 0.00
0.00 0.00
0.00 0.00
0.04 0.05
0.32 0.24
0.01 0.01
209.63 600
0.03 0.03
58.73 600
0.08 0.94
0.01 600
600 600
600 600
600 600
131.21 600
83.52 600
136.26 600
90.31 600
1.32 1.43
1.38 1.54
4.26 10.93
0.16 0.10
3.77 13.42
3.12 12.70
600 600
119.17 600
144.48 600
110.56 86.10
600 600
0.53 0.94
4.00 87.50
8.54 19.81
0.01 0.01
600 600
108.00 600
0.00 0.00
0.00 0.00
0.08 0.07
0.17 0.21
0.28 0.02
600 600
56.02 600
600 600
0.01 0.02
0.01 0.01
0.02 0.01
0.00 0.02
0.01 0.02
0.01 0.02
0.01 0.01
0.01 0.01
0.01 0.01
0.01 0.00
0.01 0.01
0.01 0.02
0.01 0.01
600 600
0.09 0.13
0.11 0.14
174.25 600
208.28 600
0.01 0.02
0.49 0.02
0.01 0.01
0.01 0.02
0.08 0.02
23.54 600
0.01 0.01
0.10 0.08
0.01 0.02
0.02 0.01
0.01 0.02
0.01 0.01
0.01 0.02
0.01 0.01
0.02 0.02
0.03 0.02
0.02 0.02
0.02 0.02
0.02 0.13
0.01 0.05
0.03 600
0.08 0.43
0.05 0.06
0.04 0.03
0.11 0.12
0.01 0.01
0.04 0.03
0.06 0.04
19.65 21.48
0.01 0.02
0.02 0.02
0.40 0.70
0.68 0.70
0.22 0.26
0.21 0.29
0.10 1.18
0.00 0.00
600 600
116.62 284.63
600 600
600 600
600 600
0.17 0.16
600 600
600 600
600 600
0.24 0.22
0.07 0.07
600 600
600 600
600 600
0.02 0.02
600 600
600 600
600 600
600 600
1.27 0.91
0.02 0.03
600 600
0.03 0.02
600 600
0.12 0.11
0.02 0.03
600 600
0.01 0.01
0.15 0.30
0.71 0.24
600 600
0.09 0.08
0.03 0.03
0.08 0.06
600 600
600 600
0.02 0.02
600 600
0.01 0.01
600 600
600 600
600 600
0.04 0.03
600 600
600 600
600 600
600 600
600 600
600 600
600 600
600 600
2.94 3.32
600 600
600 600
600 600
18.75 20.16
2.02 2.04
0.20 0.20
600 600
600 600
600 600
0.14 0.15
0.01 0.01
0.49 2.32
0.01 0.02
600 600
600 600
600 600
