600 600
600 600
600 600
600 600
50.03 600
0.06 6.75
600 600
600 600
11.36 10.82
35.11 74.88
127.89 600
89.70 149.88
128.64 600
0.01 0.01
0.15 600
0.82 3.35
7.44 19.77
0.01 0.01
5.41 12.26
0.10 0.09
0.02 0.02
0.06 0.10
0.01 0.02
600 600
0.02 0.06
0.16 600
80.70 600
8.38 600
27.06 600
600 600
0.01 0.00
0.06 0.06
1.97 600
600 600
0.00 0.00
0.03 0.00
0.00 0.01
600 600
600 600
600 600
600 600
600 600
600 600
0.27 600
0.00 0.01
0.00 0.01
0.01 0.09
5.70 600
0.01 0.01
0.01 12.85
69.10 600
0.02 0.15
0.01 0.04
1.88 5.27
63.00 600
0.02 0.77
0.01 0.01
213.80 600
600 600
0.00 0.01
600 600
0.01 0.02
0.04 0.06
0.02 0.04
15.44 82.19
0.00 0.01
0.03 9.12
4.91 600
5.95 7.42
0.08 37.17
0.02 0.06
0.02 0.02
0.02 0.02
0.02 0.62
0.02 0.03
0.02 0.02
0.03 0.17
0.06 26.50
0.16 600
600 600
0.02 0.18
26.59 600
0.03 0.07
0.01 0.01
0.04 0.14
0.01 0.11
600 600
0.38 0.51
600 600
0.00 0.00
34.99 148.01
0.00 0.00
600 600
0.03 0.06
15.44 600
0.09 16.54
0.04 0.04
0.09 7.91
0.06 0.06
600 600
31.56 600
0.28 1.84
600 600
600 600
0.53 2.08
600 600
600 600
600 600
600 600
600 600
0.08 0.09
0.06 0.07
0.08 0.08
0.07 0.08
600 600
600 600
600 600
600 600
600 600
600 600
0.10 600
600 600
1.12 600
600 600
0.10 600
600 600
600 600
600 600
600 600
600 600
600 600
600 600
600 600
600 600
600 600
600 600
3.91 12.14
600 600
600 600
0.12 600
600 600
0.04 0.04
600 600
0.18 0.26
0.15 600
600 600
600 600
0.06 0.08
0.16 0.16
0.17 0.61
600 600
600 600
600 600
600 600
0.06 0.07
600 600
600 600
600 600
600 600
600 600
0.20 600
600 600
600 600
11.09 20.96
600 600
600 600
600 600
18.71 600
2.76 600
0.38 600
600 600
0.24 0.28
0.24 600
600 600
1.74 600
600 600
600 600
600 600
600 600
600 600
600 600
600 600
600 600
600 600
600 600
600 600
0.31 0.34
600 600
0.13 0.09
600 600
0.00 0.00
0.30 2.68
600 600
600 600
4.26 600
0.94 54.55
26.50 9.94
600 600
600 600
600 600
600 600
600 600
600 600
0.44 1.02
600 600
600 600
600 600
600 600
600 600
600 600
600 600
600 600
600 600
600 600
600 600
600 600
600 600
600 600
0.86 198.07
0.68 1.98
600 600
186.62 600
0.39 0.47
0.44 0.57
600 600
600 600
600 600
600 600
600 600
600 600
600 600
600 600
600 600
0.65 12.82
10.84 600
44.80 600
0.67 0.65
78.38 236.91
39.75 30.85
0.89 600
600 600
600 600
600 600
600 600
600 600
600 600
600 600
600 600
600 600
9.68 600
0.98 600
63.19 260.62
600 600
600 600
116.02 600
0.82 1.49
0.89 2.22
49.21 600
1.52 600
600 600
600 600
600 600
600 600
600 600
600 600
600 600
600 600
1.23 600
600 600
600 600
600 600
600 600
140.73 600
600 600
600 600
46.89 600
600 600
600 600
600 600
2.05 600
600 600
1.84 600
600 600
600 600
600 600
1.44 1.51
86.76 600
600 600
600 600
600 600
3.16 600
600 600
2.46 2.70
600 600
600 600
600 600
600 600
600 600
600 600
19.49 21.96
600 600
600 600
188.52 175.53
600 600
1.68 186.15
600 600
600 600
600 600
600 600
600 600
600 600
600 600
600 600
0.12 0.13
600 600
600 600
600 600
600 600
600 600
600 600
600 600
600 600
600 600
600 600
600 600
19.37 600
600 600
600 600
600 600
600 600
600 600
600 600
600 600
600 600
600 600
600 600
600 600
16.19 600
1.72 600
0.01 0.01
0.01 0.01
600 600
8.09 600
15.06 600
13.85 600
600 600
600 600
0.04 600
0.05 600
0.14 600
1.00 600
600 600
600 600
600 600
600 600
130.43 600
600 600
600 600
0.02 600
48.16 600
0.01 0.01
600 600
0.01 0.01
0.15 0.05
0.01 0.01
0.04 0.03
600 600
0.10 0.05
600 600
600 600
55.22 600
0.01 0.01
0.29 600
0.03 0.03
0.01 0.01
0.01 0.00
0.00 0.01
0.00 0.00
0.00 0.01
0.01 0.01
0.01 0.01
0.01 0.03
0.01 0.03
0.00 0.01
0.03 0.11
0.01 0.01
0.03 0.08
0.01 0.01
0.00 0.01
0.00 0.01
0.01 0.01
0.00 0.01
0.00 0.01
0.01 0.01
0.00 0.03
0.01 0.03
600 600
0.00 0.01
0.01 0.01
0.01 0.01
0.00 0.01
0.00 0.01
0.00 0.01
0.00 0.01
0.01 0.01
0.01 0.01
600 0.24
14.81 0.15
13.38 0.14
0.03 600
0.28 600
36.45 600
0.62 600
0.62 600
0.26 600
0.04 0.10
0.44 600
600 600
600 600
0.26 0.09
600 0.13
0.29 0.10
0.01 0.01
0.01 0.01
0.01 0.01
600 600
290.04 600
600 600
600 600
0.77 600
600 600
0.99 600
267.26 600
0.53 600
0.78 600
600 600
0.01 0.01
600 600
0.01 0.01
0.49 600
0.00 0.01
600 600
0.79 600
0.00 0.01
600 600
0.01 0.01
600 600
0.01 0.04
0.01 0.04
0.04 0.11
0.03 0.12
0.03 0.11
0.04 0.10
0.04 0.11
0.04 0.12
0.02 600
0.02 600
0.02 600
0.02 600
0.02 600
0.02 600
0.01 0.01
0.01 0.00
0.00 0.01
0.01 0.00
0.00 0.01
0.00 0.01
0.02 0.17
0.02 0.17
0.10 600
0.01 0.03
0.02 0.06
0.03 600
0.12 600
0.02 0.03
0.03 0.06
0.03 600
0.03 600
0.02 600
0.14 600
0.16 600
0.03 600
0.03 600
0.03 600
0.03 0.04
0.03 0.04
0.02 600
0.03 0.03
0.03 0.04
0.03 600
96.01 600
0.03 0.04
0.02 600
0.03 600
0.02 600
0.02 0.03
0.03 0.03
0.04 600
0.02 600
0.02 0.03
0.03 600
0.02 600
0.03 0.03
0.03 600
0.03 600
0.02 600
0.03 0.04
0.03 600
0.03 0.09
0.03 0.08
0.02 0.04
0.03 0.03
0.03 0.02
0.03 0.08
0.04 0.04
0.03 0.04
0.54 0.77
0.54 0.78
16.82 600
16.88 600
0.03 0.03
0.04 0.14
0.04 0.04
0.03 0.14
0.04 0.12
0.03 0.03
0.00 0.01
0.01 0.01
0.01 0.01
0.01 0.01
0.01 0.01
0.01 0.01
0.01 0.01
0.01 0.01
0.01 0.01
0.01 0.01
0.72 1.43
0.01 0.01
0.01 0.01
0.01 0.01
0.01 0.01
0.01 0.01
0.01 0.01
0.01 0.01
0.01 0.00
0.01 0.01
0.01 0.01
0.01 0.01
0.00 0.01
0.05 0.09
0.00 0.00
0.01 0.00
0.05 0.22
0.00 0.02
0.10 0.02
600 600
0.01 0.00
0.09 0.32
0.00 0.01
0.00 0.00
0.01 0.01
0.08 0.30
6.95 22.38
0.01 5.00
600 600
600 600
600 600
0.01 0.01
0.02 0.02
0.00 0.01
0.00 0.00
0.00 0.01
0.00 0.00
0.00 0.01
0.00 0.16
0.04 600
0.00 0.00
600 600
0.36 0.67
0.00 0.00
0.11 0.02
0.00 0.00
5.24 600
0.01 0.00
0.00 0.00
0.01 0.00
0.00 0.00
0.00 0.01
12.52 35.91
0.00 0.00
0.10 600
138.27 600
0.03 18.78
0.22 0.24
0.01 0.05
0.00 0.00
0.00 0.01
0.00 0.00
0.00 0.01
0.00 0.01
0.04 0.04
0.32 6.95
0.01 0.01
209.63 600
0.03 0.10
600 600
2.70 1.24
0.06 0.05
234.89 1.35
97.75 1.24
96.77 1.26
2.15 1.42
2.54 1.45
7.93 1.57
4.54 0.48
600 600
600 600
183.61 1.19
3.56 6.84
600 600
5.20 4.16
2.31 3.26
600 10.01
2.74 600
600 600
600 600
6.22 600
600 600
600 600
600 600
600 600
600 600
0.21 600
0.20 600
0.20 600
0.22 600
0.22 600
0.22 600
17.23 600
58.73 600
0.08 1.06
0.01 600
600 600
600 600
600 600
131.21 600
83.52 600
136.26 600
90.31 86.33
1.32 600
1.38 600
4.26 600
0.16 23.11
3.77 23.79
3.12 23.76
600 600
119.17 600
144.48 600
110.56 600
600 600
0.53 600
4.00 86.44
8.54 18.64
0.01 0.01
600 600
108.00 600
0.00 0.00
0.00 0.00
0.08 0.16
0.17 600
0.28 0.03
600 600
56.02 600
600 600
0.01 0.02
0.01 0.00
0.02 0.01
0.00 0.02
0.01 0.01
0.01 0.02
0.01 0.02
0.01 0.00
0.01 0.01
0.01 0.02
0.01 0.01
0.01 0.02
0.01 0.02
600 600
0.09 4.30
0.11 6.28
174.25 115.50
208.28 600
0.01 0.01
0.49 0.02
0.01 0.01
0.01 0.01
0.08 0.19
23.54 600
0.01 0.00
0.10 0.14
0.01 0.01
0.02 0.01
0.01 0.02
0.01 0.01
0.01 0.02
0.01 0.02
0.02 0.02
0.03 0.09
0.02 0.02
0.02 0.02
0.02 0.11
0.01 0.12
0.03 600
0.08 0.89
0.05 83.36
0.04 0.10
0.11 0.11
0.01 0.02
0.04 0.07
0.06 0.08
19.65 13.21
0.01 0.01
0.02 0.02
0.40 1.13
0.68 1.12
0.22 1.19
0.21 1.17
0.10 600
0.00 0.00
600 600
116.62 600
600 600
600 600
600 600
0.17 1.42
600 600
600 600
600 600
0.24 600
0.07 0.38
600 600
600 600
600 600
0.02 0.03
600 600
600 600
600 600
600 600
1.27 600
0.02 0.03
600 600
0.03 0.02
600 600
0.12 0.13
0.02 0.03
600 600
0.01 0.01
0.15 0.14
0.71 600
600 600
0.09 0.09
0.03 0.03
0.08 0.08
600 600
600 600
0.02 0.02
600 600
0.01 0.01
600 600
600 600
600 600
0.04 0.08
600 600
600 600
600 600
600 600
600 600
600 600
600 600
600 600
2.94 105.65
600 600
600 600
600 600
18.75 600
2.02 600
0.20 600
600 600
600 600
600 600
0.14 0.14
0.01 0.00
0.49 3.27
0.01 0.00
600 600
600 600
600 600
0.00 0.01
0.02 0.02
0.02 0.02
0.02 0.02
0.00 0.01
0.02 0.02
0.01 0.02
0.01 0.01
0.02 0.01
0.02 0.01
0.01 600
0.01 0.04
0.02 600
0.03 0.80
0.02 600
0.04 0.04
0.01 600
0.03 0.04
0.20 600
0.03 0.61
0.04 600
0.04 0.06
0.02 600
0.02 0.03
0.02 0.03
0.01 600
0.02 0.04
0.02 0.02
0.02 600
0.04 0.03
0.02 0.04
0.01 600
0.02 0.02
0.02 600
0.03 0.44
0.02 600
0.03 0.04
0.02 0.02
600 600
0.01 0.02
0.01 0.03
0.02 0.02
0.00 0.01
0.02 0.03
0.02 0.02
0.01 0.01
0.02 0.02
0.01 600
0.02 0.03
0.16 600
0.04 0.74
0.01 600
0.01 0.02
3.10 600
600 600
0.01 600
0.02 0.02
0.28 600
600 600
600 600
600 600
0.01 0.01
600 600
600 600
600 600
600 600
600 600
600 600
600 600
0.00 600
0.00 600
0.00 600
0.00 600
0.00 600
0.00 600
