0.01 0.01
0.01 0.01
0.01 0.01
0.01 0.01
0.01 0.01
0.01 0.01
0.01 0.01
0.01 0.00
0.01 0.01
0.01 0.01
0.01 0.01
0.01 0.01
0.01 0.01
0.01 0.01
0.01 0.01
0.01 0.01
0.01 0.01
0.01 0.01
1.32 0.82
1.32 1.24
1.11 0.51
1.11 0.46
0.05 0.07
0.04 0.08
0.01 0.06
0.01 0.00
0.00 0.01
0.01 0.01
0.04 0.06
0.03 0.07
0.00 0.06
0.00 0.01
0.01 0.03
0.02 0.02
0.05 1.34
0.04 0.04
0.05 0.07
0.01 0.01
600 600
0.01 0.01
0.01 0.01
0.02 0.01
0.00 0.00
0.01 0.01
0.01 0.01
0.00 0.01
0.00 0.01
0.00 0.01
0.02 0.01
31.60 0.06
0.05 1.32
0.00 0.01
0.02 0.01
0.03 0.30
600 600
0.01 0.01
0.01 0.01
0.03 0.24
600 600
600 600
600 600
0.01 0.19
600 600
600 600
600 600
600 600
600 600
600 600
600 600
1.75 600
600 600
600 600
600 600
600 600
0.18 0.26
2.82 3.34
1.26 1.29
15.17 15.10
0.01 0.73
0.00 0.01
0.01 0.01
0.01 0.01
0.01 0.08
0.01 0.01
0.02 0.02
0.01 0.01
0.05 0.08
0.05 0.03
0.04 0.03
0.05 0.03
0.04 0.04
0.07 0.08
0.02 0.05
0.02 0.03
0.09 0.06
0.07 0.04
0.06 0.06
600 600
0.15 0.40
0.03 0.18
0.06 0.06
0.04 0.06
600 600
0.01 0.06
0.07 0.06
0.02 0.01
600 600
0.01 0.01
0.06 0.06
0.02 0.02
0.04 0.06
600 600
0.02 0.02
600 600
600 600
0.08 0.07
0.01 0.02
0.01 0.09
0.02 0.06
0.02 0.02
0.01 0.02
0.02 0.02
0.01 0.01
0.01 0.02
0.01 0.01
0.01 0.02
0.01 0.02
0.01 0.02
0.02 0.01
0.05 0.35
0.00 0.02
0.01 0.02
0.01 0.01
0.01 0.02
0.02 0.01
0.01 0.01
0.01 0.01
0.01 0.02
0.01 0.02
0.02 0.01
0.02 0.02
600 600
0.01 0.01
0.02 0.01
0.01 0.01
0.02 0.02
0.01 0.01
0.01 0.01
0.02 0.01
0.02 0.00
0.02 0.01
7.55 1.28
1.28 1.29
1.27 1.28
0.03 0.04
0.09 0.09
0.08 0.07
0.05 0.07
0.05 0.06
0.06 0.06
0.08 0.08
0.04 0.04
600 600
600 600
0.62 0.38
1.30 1.26
1.28 0.52
0.01 0.02
0.01 0.01
0.02 0.01
600 600
0.16 0.04
600 600
1.32 0.55
0.58 0.46
600 600
0.06 0.11
0.12 0.04
0.12 0.04
0.08 0.08
600 600
0.02 0.02
600 600
0.01 0.01
0.07 0.04
0.01 0.02
600 600
0.18 0.32
0.01 0.02
600 600
0.02 0.01
600 600
0.02 0.02
0.02 0.01
0.03 0.04
0.03 0.00
0.04 0.04
0.03 0.04
0.04 0.04
0.04 0.04
0.01 0.33
0.02 0.26
0.02 0.26
0.02 0.12
0.03 0.08
0.02 0.35
0.02 0.01
0.01 0.02
0.01 0.01
0.01 0.02
0.02 0.02
0.02 0.02
0.02 0.49
0.02 0.49
0.06 0.06
0.03 0.02
0.02 0.01
0.02 0.12
0.06 0.08
0.03 0.02
0.02 0.02
0.02 0.13
0.02 0.02
0.02 0.02
0.02 0.46
0.02 0.46
0.02 0.51
0.02 0.02
0.10 0.08
0.01 0.01
0.02 0.01
0.02 0.02
0.01 0.02
0.01 0.02
0.02 0.02
0.02 0.01
0.01 0.02
0.02 0.02
0.02 0.02
0.02 0.02
0.02 0.01
0.02 0.01
0.03 0.65
0.04 0.08
0.02 0.02
0.02 0.02
0.02 0.02
0.02 0.02
0.03 0.02
0.02 0.54
0.02 0.54
0.02 0.03
0.02 0.04
0.01 0.03
0.02 0.02
0.02 0.02
0.02 0.02
0.02 0.02
0.02 0.04
0.02 0.02
0.02 0.02
0.03 0.04
0.02 0.02
0.03 0.03
0.03 0.03
0.02 0.02
0.02 0.02
0.02 0.02
0.01 0.02
0.01 0.02
0.02 0.02
0.02 0.02
0.02 0.02
0.02 0.02
0.02 0.02
0.02 0.01
0.01 0.02
0.02 0.02
0.02 0.02
0.02 0.02
0.02 0.02
0.03 0.03
0.02 0.02
0.02 0.02
0.02 0.02
0.02 0.02
0.02 0.02
0.02 0.02
0.01 0.02
0.02 0.02
0.02 0.02
0.02 0.02
0.02 0.02
8.50 8.56
3.32 7.56
2.57 7.83
34.35 30.86
8.90 9.48
2.72 9.54
2.92 1.27
1.35 1.28
1.92 10.67
0.08 0.09
8.74 7.68
8.14 7.62
6.97 7.65
0.06 0.04
0.30 0.26
0.06 0.04
0.05 0.04
0.28 0.31
0.48 7.87
600 600
1.34 1.03
1.33 7.57
9.17 13.09
9.15 13.90
600 600
1.36 1.29
1.38 11.91
8.46 9.13
1.34 1.59
1.33 1.52
7.83 9.51
1.32 1.23
1.30 1.53
