.02400000000000000000 .03200000000000000000
.04000000000000000000 .04400000000000000000
.03600000000000000000 .03600000000000000000
.04000000000000000000 .03600000000000000000
.03200000000000000000 .03200000000000000000
.04400000000000000000 .04000000000000000000
.04000000000000000000 .03600000000000000000
.02800000000000000000 .02800000000000000000
.04000000000000000000 .04000000000000000000
.03200000000000000000 .04000000000000000000
.03200000000000000000 .02800000000000000000
.04400000000000000000 .04000000000000000000
.03600000000000000000 .02400000000000000000
.04000000000000000000 .03600000000000000000
.03200000000000000000 .02800000000000000000
.02400000000000000000 .03600000000000000000
.02800000000000000000 .02800000000000000000
.03600000000000000000 .03600000000000000000
.03200000000000000000 .05200000000000000000
.04400000000000000000 .06400000000000000000
.02800000000000000000 .37200000000000000000
.04000000000000000000 .34000000000000000000
.03600000000000000000 .04400000000000000000
.04400000000000000000 .03600000000000000000
.04000000000000000000 .04400000000000000000
.02800000000000000000 .01600000000000000000
.02800000000000000000 .03600000000000000000
.03600000000000000000 .03600000000000000000
.03600000000000000000 .02000000000000000000
.04400000000000000000 .04400000000000000000
.03200000000000000000 .04000000000000000000
.02000000000000000000 .08000000000000000000
.04800000000000000000 .21600000000000000000
.02800000000000000000 .04800000000000000000
.04800000000000000000 600
.02400000000000000000 .04000000000000000000
.03200000000000000000 .04800000000000000000
.03600000000000000000 .03200000000000000000
600 600
.02800000000000000000 .02800000000000000000
.03600000000000000000 .04000000000000000000
.03600000000000000000 .02400000000000000000
.02800000000000000000 .03200000000000000000
.03600000000000000000 .03600000000000000000
.02800000000000000000 .03600000000000000000
.02400000000000000000 .02800000000000000000
.04000000000000000000 .03200000000000000000
.03200000000000000000 .02400000000000000000
.04000000000000000000 .03600000000000000000
.02800000000000000000 600
.05200000000000000000 600
.03200000000000000000 .03600000000000000000
.04000000000000000000 .04000000000000000000
.03600000000000000000 600
600 600
.03200000000000000000 .03600000000000000000
.03200000000000000000 .04000000000000000000
.04800000000000000000 42.33900000000000000000
600 600
600 600
600 600
.01600000000000000000 .01600000000000000000
600 600
600 600
600 600
600 600
600 600
600 600
600 600
600 600
600 600
600 600
600 600
600 600
.03600000000000000000 .03600000000000000000
.22400000000000000000 .22400000000000000000
600 600
600 600
.00400000000000000000 .24400000000000000000
.00800000000000000000 .01200000000000000000
.01200000000000000000 .01200000000000000000
.01600000000000000000 .02000000000000000000
.01600000000000000000 .00800000000000000000
.01200000000000000000 .01600000000000000000
.04400000000000000000 .05200000000000000000
.05600000000000000000 .04800000000000000000
.28400000000000000000 600
.27200000000000000000 600
.29600000000000000000 600
.30400000000000000000 600
.23600000000000000000 600
600 600
.13200000000000000000 600
.14400000000000000000 600
.25600000000000000000 600
600 600
.29200000000000000000 600
600 600
.85200000000000000000 600
600 600
.18800000000000000000 600
.19200000000000000000 600
600 600
.07200000000000000000 .08000000000000000000
.15600000000000000000 600
.04400000000000000000 .04800000000000000000
600 600
.04800000000000000000 .05600000000000000000
.07600000000000000000 .08800000000000000000
.04400000000000000000 .05200000000000000000
.06400000000000000000 .08800000000000000000
600 600
.07600000000000000000 .08400000000000000000
600 600
600 600
.12000000000000000000 600
.05200000000000000000 .05600000000000000000
.09600000000000000000 600
.06000000000000000000 .07600000000000000000
.05600000000000000000 .05200000000000000000
.04800000000000000000 .06000000000000000000
.04800000000000000000 .05200000000000000000
.05600000000000000000 .04800000000000000000
.04800000000000000000 .05600000000000000000
.05200000000000000000 .04000000000000000000
.05600000000000000000 .05200000000000000000
.06400000000000000000 .08000000000000000000
.06800000000000000000 .07200000000000000000
.04400000000000000000 .06000000000000000000
.07200000000000000000 .08000000000000000000
.05200000000000000000 .04800000000000000000
.06400000000000000000 .06400000000000000000
.05200000000000000000 .04400000000000000000
.05200000000000000000 .05600000000000000000
.04800000000000000000 .04800000000000000000
.05600000000000000000 .04800000000000000000
.05600000000000000000 .04800000000000000000
.04400000000000000000 .04800000000000000000
.04400000000000000000 .04400000000000000000
.04400000000000000000 .04800000000000000000
.05200000000000000000 .06000000000000000000
600 600
.04000000000000000000 .04800000000000000000
.05600000000000000000 .06000000000000000000
.05200000000000000000 .05200000000000000000
.05600000000000000000 .04400000000000000000
.05600000000000000000 .05200000000000000000
.04400000000000000000 .05600000000000000000
.05600000000000000000 .04800000000000000000
.04800000000000000000 .06400000000000000000
.04800000000000000000 .05600000000000000000
600 600
600 600
600 600
.07600000000000000000 .08800000000000000000
.20000000000000000000 600
.21600000000000000000 600
.11200000000000000000 600
.12800000000000000000 600
.19600000000000000000 600
.11200000000000000000 600
.11200000000000000000 600
600 600
600 600
600 600
600 600
600 600
.05200000000000000000 .05200000000000000000
.05200000000000000000 .05200000000000000000
.04800000000000000000 .04800000000000000000
600 600
.38400000000000000000 600
600 600
.19600000000000000000 600
.28800000000000000000 600
600 600
.19600000000000000000 600
.21600000000000000000 600
.14400000000000000000 600
.29600000000000000000 600
600 600
.05200000000000000000 .05200000000000000000
600 600
.05200000000000000000 .05600000000000000000
.10800000000000000000 600
.04800000000000000000 .04800000000000000000
600 600
.24000000000000000000 600
.05200000000000000000 .05600000000000000000
600 600
.05600000000000000000 .06000000000000000000
600 600
.04800000000000000000 .05200000000000000000
.05200000000000000000 .06000000000000000000
.07200000000000000000 .08000000000000000000
.06000000000000000000 .08000000000000000000
.06400000000000000000 .08000000000000000000
.07600000000000000000 .07200000000000000000
.06400000000000000000 .08400000000000000000
.07200000000000000000 .07600000000000000000
.07200000000000000000 .07200000000000000000
.06800000000000000000 .08000000000000000000
.06800000000000000000 .07600000000000000000
.06800000000000000000 .06800000000000000000
.06400000000000000000 .07200000000000000000
.06000000000000000000 .07600000000000000000
.06000000000000000000 .06800000000000000000
.06800000000000000000 .06400000000000000000
.06800000000000000000 .06400000000000000000
.06800000000000000000 .06800000000000000000
.06800000000000000000 .07200000000000000000
.06400000000000000000 .06800000000000000000
.06800000000000000000 .07200000000000000000
.07200000000000000000 .07600000000000000000
.07200000000000000000 .08000000000000000000
.06400000000000000000 .07600000000000000000
.07600000000000000000 .06400000000000000000
.07200000000000000000 .10000000000000000000
.08000000000000000000 .08400000000000000000
.08000000000000000000 .06800000000000000000
.07200000000000000000 .07200000000000000000
.08000000000000000000 .12400000000000000000
.06800000000000000000 .08400000000000000000
.07200000000000000000 .07600000000000000000
.06400000000000000000 .07200000000000000000
.08000000000000000000 .11200000000000000000
.06400000000000000000 .07600000000000000000
.07200000000000000000 .06800000000000000000
.08000000000000000000 .08800000000000000000
.07200000000000000000 .08000000000000000000
.07600000000000000000 .07200000000000000000
.07200000000000000000 .08800000000000000000
.07200000000000000000 .07200000000000000000
.07600000000000000000 .07600000000000000000
.05200000000000000000 .06800000000000000000
.05600000000000000000 .08000000000000000000
.06800000000000000000 .07200000000000000000
.08000000000000000000 .08000000000000000000
.07200000000000000000 .08000000000000000000
.07200000000000000000 .07600000000000000000
.06800000000000000000 .08400000000000000000
.08000000000000000000 .08000000000000000000
.06800000000000000000 .08800000000000000000
.07600000000000000000 .08000000000000000000
.07200000000000000000 .08000000000000000000
.07200000000000000000 .07600000000000000000
.07200000000000000000 .07200000000000000000
.07200000000000000000 .08000000000000000000
.07200000000000000000 .07600000000000000000
.07600000000000000000 .08000000000000000000
.06000000000000000000 .07600000000000000000
.07600000000000000000 .06800000000000000000
.06800000000000000000 .07600000000000000000
.06000000000000000000 .08000000000000000000
.07600000000000000000 .07600000000000000000
.07600000000000000000 .07200000000000000000
.06800000000000000000 .07600000000000000000
.07600000000000000000 .07200000000000000000
.06800000000000000000 .06800000000000000000
.37200000000000000000 600
.07600000000000000000 .10400000000000000000
.08400000000000000000 .07600000000000000000
.07200000000000000000 .08000000000000000000
.08000000000000000000 .15600000000000000000
.08000000000000000000 .17200000000000000000
.12400000000000000000 600
.30400000000000000000 600
.07200000000000000000 .07600000000000000000
.30400000000000000000 600
.31200000000000000000 600
.07600000000000000000 .07600000000000000000
.07600000000000000000 .07600000000000000000
.07200000000000000000 .07600000000000000000
.06800000000000000000 .06400000000000000000
.07600000000000000000 .08000000000000000000
.07600000000000000000 .08000000000000000000
.07600000000000000000 .08400000000000000000
.06800000000000000000 .08400000000000000000
.06800000000000000000 .06800000000000000000
.06800000000000000000 .06800000000000000000
.07200000000000000000 .07600000000000000000
.07200000000000000000 .08400000000000000000
.08000000000000000000 .08000000000000000000
.06400000000000000000 .08400000000000000000
.07200000000000000000 .08000000000000000000
.06800000000000000000 .07200000000000000000
.07200000000000000000 .08400000000000000000
.07200000000000000000 .07600000000000000000
.07600000000000000000 .08400000000000000000
.06800000000000000000 .06800000000000000000
.06800000000000000000 .07600000000000000000
.06800000000000000000 .08000000000000000000
.06000000000000000000 .07200000000000000000
600 600
600 600
600 600
600 600
600 600
600 600
600 600
600 600
600 600
600 600
600 600
600 600
600 600
.03200000000000000000 .16400000000000000000
600 600
.03600000000000000000 .03600000000000000000
.03200000000000000000 .04000000000000000000
.28400000000000000000 600
600 600
600 600
600 3.73200000000000000000
600 600
600 600
600 600
600 600
600 600
600 600
.04000000000000000000 .06000000000000000000
.04400000000000000000 1.22000000000000000000
.04000000000000000000 .43200000000000000000
.04000000000000000000 .05600000000000000000
.04400000000000000000 1.01200000000000000000
.04400000000000000000 .96800000000000000000
600 600
