600 600
600 600
600 600
600 600
600 600
600 600
600 600
.44800000000000000000 600
600 600
600 600
600 600
600 .04000000000000000000
600 .04800000000000000000
.06000000000000000000 .09600000000000000000
.04400000000000000000 .03200000000000000000
.05200000000000000000 .04800000000000000000
.05600000000000000000 .04800000000000000000
.10000000000000000000 .10000000000000000000
.14400000000000000000 .08400000000000000000
600 600
600 600
600 600
600 600
600 1.52400000000000000000
600 600
600 600
600 600
600 600
600 600
600 600
600 600
.02800000000000000000 600
600 600
600 600
600 600
600 600
600 600
600 600
600 600
600 600
.02000000000000000000 .01200000000000000000
600 600
600 600
600 600
600 600
600 600
.00800000000000000000 .02000000000000000000
.01600000000000000000 .01600000000000000000
.01600000000000000000 .02000000000000000000
600 3.37600000000000000000
.02400000000000000000 .01600000000000000000
600 600
.12800000000000000000 .12400000000000000000
.11200000000000000000 .10800000000000000000
.11600000000000000000 .11600000000000000000
.11600000000000000000 .13200000000000000000
.11200000000000000000 .11200000000000000000
.10000000000000000000 .10400000000000000000
.11600000000000000000 .11600000000000000000
.03200000000000000000 .04000000000000000000
.09600000000000000000 600
.10800000000000000000 600
.10800000000000000000 600
.10400000000000000000 600
.10000000000000000000 .10400000000000000000
600 600
.10800000000000000000 600
600 600
.09600000000000000000 .09600000000000000000
.44400000000000000000 .11600000000000000000
600 600
.10800000000000000000 600
.10400000000000000000 600
600 600
600 600
.11200000000000000000 .09200000000000000000
.11200000000000000000 .11200000000000000000
.11200000000000000000 .10000000000000000000
.10800000000000000000 .10400000000000000000
.10800000000000000000 .10800000000000000000
.10400000000000000000 600
.12000000000000000000 .10800000000000000000
.11600000000000000000 .09200000000000000000
.11200000000000000000 .09600000000000000000
.11200000000000000000 .11200000000000000000
.09200000000000000000 .11200000000000000000
.11600000000000000000 .11600000000000000000
.09600000000000000000 .10800000000000000000
.11200000000000000000 .10800000000000000000
.12400000000000000000 .11200000000000000000
.10800000000000000000 .11200000000000000000
.10400000000000000000 .10400000000000000000
.12000000000000000000 .10800000000000000000
.10400000000000000000 600
600 600
600 600
.12400000000000000000 .10800000000000000000
600 600
.10400000000000000000 .11200000000000000000
.10800000000000000000 .10400000000000000000
.11200000000000000000 .10800000000000000000
.10800000000000000000 .11600000000000000000
.10400000000000000000 .10000000000000000000
.12400000000000000000 .11600000000000000000
.12800000000000000000 .10400000000000000000
.13200000000000000000 .10800000000000000000
.12800000000000000000 .12800000000000000000
.14000000000000000000 .12800000000000000000
.12000000000000000000 .12800000000000000000
.13600000000000000000 .11600000000000000000
.00800000000000000000 .17200000000000000000
.01600000000000000000 .03200000000000000000
.03600000000000000000 19.58900000000000000000
600 600
600 600
600 600
600 600
600 600
600 600
600 600
600 600
.02000000000000000000 600
.02000000000000000000 .02000000000000000000
.01600000000000000000 600
600 600
600 148.18900000000000000000
.00800000000000000000 600
.03600000000000000000 600
.02400000000000000000 2.03200000000000000000
.02400000000000000000 600
106.27900000000000000000 600
600 600
.01600000000000000000 600
.01200000000000000000 .02800000000000000000
600 600
600 600
.02000000000000000000 .02000000000000000000
600 600
.02800000000000000000 .01600000000000000000
.10400000000000000000 .02800000000000000000
.02800000000000000000 1.75600000000000000000
600 12.87700000000000000000
2.69600000000000000000 .03200000000000000000
.02400000000000000000 40.36700000000000000000
56.03200000000000000000 158.59000000000000000000
.03200000000000000000 2.24800000000000000000
600 600
.02000000000000000000 600
600 600
.02800000000000000000 .02800000000000000000
600 600
.02000000000000000000 .03200000000000000000
.02400000000000000000 .02800000000000000000
.02800000000000000000 .03200000000000000000
.03200000000000000000 600
.03600000000000000000 .02800000000000000000
600 600
.02800000000000000000 .02400000000000000000
600 600
.03200000000000000000 600
.02800000000000000000 .03200000000000000000
.02800000000000000000 .03200000000000000000
.03600000000000000000 600
600 600
600 3.05200000000000000000
600 600
.19600000000000000000 .02000000000000000000
600 600
.16000000000000000000 .02000000000000000000
600 600
.04000000000000000000 .03600000000000000000
600 600
.04800000000000000000 45.14300000000000000000
.04000000000000000000 .03600000000000000000
600 600
600 600
600 600
.10000000000000000000 .07200000000000000000
600 600
.07200000000000000000 600
600 600
5.64000000000000000000 600
600 600
600 600
600 600
600 600
600 600
21.63700000000000000000 600
600 600
.31200000000000000000 .12000000000000000000
600 600
600 600
600 600
600 600
.07200000000000000000 600
600 600
600 600
.05600000000000000000 600
600 600
.07200000000000000000 600
.08000000000000000000 600
.07200000000000000000 600
600 600
600 600
600 600
.08000000000000000000 600
600 600
600 600
600 600
600 600
.09600000000000000000 600
600 600
.23600000000000000000 600
600 600
600 600
600 600
600 600
600 600
.09200000000000000000 .08000000000000000000
600 600
.09600000000000000000 .09600000000000000000
181.15100000000000000000 4.06800000000000000000
.13200000000000000000 .10800000000000000000
600 600
.10000000000000000000 .10000000000000000000
600 600
.12800000000000000000 .12400000000000000000
.45200000000000000000 600
600 600
600 600
600 600
.10800000000000000000 .12800000000000000000
600 600
600 600
600 600
600 600
600 600
600 600
600 600
600 600
600 600
600 600
600 600
600 600
600 600
600 600
600 600
600 600
.13600000000000000000 .13200000000000000000
.14000000000000000000 600
600 600
600 600
600 600
.89200000000000000000 .35600000000000000000
600 600
600 600
.30000000000000000000 .21600000000000000000
600 600
600 600
.15200000000000000000 .13200000000000000000
600 600
600 600
600 600
.16400000000000000000 .15600000000000000000
600 600
.01600000000000000000 .04400000000000000000
600 600
.01200000000000000000 .01600000000000000000
.16800000000000000000 .25600000000000000000
600 600
600 600
600 600
.64800000000000000000 .31200000000000000000
.01600000000000000000 .02400000000000000000
43.95100000000000000000 600
24.27400000000000000000 600
33.02600000000000000000 600
600 600
600 600
600 600
.17200000000000000000 .16400000000000000000
600 600
600 600
600 600
600 600
600 600
600 600
600 600
600 600
600 600
600 600
600 600
600 600
600 600
600 600
.43600000000000000000 .42000000000000000000
600 600
.45200000000000000000 .41200000000000000000
600 600
.43600000000000000000 600
.42400000000000000000 .39600000000000000000
600 600
600 600
600 600
600 600
600 600
600 600
600 600
600 600
600 600
.54000000000000000000 .49600000000000000000
.75600000000000000000 .62800000000000000000
.76000000000000000000 .63600000000000000000
.50400000000000000000 .50800000000000000000
.57200000000000000000 .67200000000000000000
.52000000000000000000 .52800000000000000000
.53600000000000000000 .49600000000000000000
600 600
600 600
600 600
600 600
600 600
600 600
600 600
600 600
600 600
600 600
600 600
600 600
11.38500000000000000000 600
.63600000000000000000 .58800000000000000000
600 600
600 600
600 600
.98400000000000000000 .78400000000000000000
.97600000000000000000 .80400000000000000000
600 600
600 600
600 600
600 600
600 600
600 600
600 600
600 600
600 600
600 600
600 600
600 600
600 600
.90400000000000000000 .86800000000000000000
600 600
600 600
600 600
600 600
600 600
600 600
600 600
600 600
600 600
600 600
600 600
.90800000000000000000 .89200000000000000000
600 600
600 600
600 600
600 600
600 600
600 600
600 600
.96800000000000000000 .94400000000000000000
1.50800000000000000000 600
600 600
600 600
600 600
600 600
600 600
600 600
600 600
600 600
2.56400000000000000000 2.00000000000000000000
600 600
1.14400000000000000000 2.05600000000000000000
1.15200000000000000000 1.09200000000000000000
2.48800000000000000000 2.12400000000000000000
600 600
600 600
600 600
600 600
600 600
600 600
1.08800000000000000000 1.05200000000000000000
600 600
600 600
600 600
8.09300000000000000000 6.49600000000000000000
1.18000000000000000000 1.15600000000000000000
600 600
600 600
600 600
600 600
600 600
600 600
13.91700000000000000000 11.76100000000000000000
600 600
600 600
600 600
600 600
600 600
600 600
600 600
600 600
600 600
600 600
600 600
600 600
600 600
.01200000000000000000 .01600000000000000000
.02000000000000000000 .01600000000000000000
.02000000000000000000 .02400000000000000000
.02000000000000000000 .02400000000000000000
.01600000000000000000 .01600000000000000000
.01600000000000000000 .02000000000000000000
.02000000000000000000 .02400000000000000000
.03200000000000000000 .02000000000000000000
600 600
.02000000000000000000 .02400000000000000000
.02400000000000000000 .02400000000000000000
.02400000000000000000 .01600000000000000000
.02400000000000000000 .02000000000000000000
.02000000000000000000 .01600000000000000000
.02000000000000000000 .00800000000000000000
.02400000000000000000 .01200000000000000000
.02400000000000000000 .02800000000000000000
600 600
600 600
600 600
.02000000000000000000 .02000000000000000000
.02400000000000000000 .02400000000000000000
.02000000000000000000 .02400000000000000000
.02400000000000000000 .02000000000000000000
.01200000000000000000 .02000000000000000000
.02400000000000000000 .01200000000000000000
.02400000000000000000 .01600000000000000000
.01600000000000000000 .02000000000000000000
600 600
.02000000000000000000 .01600000000000000000
600 600
600 600
.01600000000000000000 .02000000000000000000
1.74400000000000000000 .02000000000000000000
.02400000000000000000 .01200000000000000000
.02000000000000000000 .02400000000000000000
.00800000000000000000 36.04600000000000000000
.01200000000000000000 .00800000000000000000
.01200000000000000000 .01200000000000000000
.01600000000000000000 .01600000000000000000
.00400000000000000000 .01600000000000000000
.01600000000000000000 .02000000000000000000
.01600000000000000000 .01600000000000000000
.02000000000000000000 600
.02400000000000000000 .02400000000000000000
.01600000000000000000 .01600000000000000000
.02400000000000000000 600
.03200000000000000000 30.66200000000000000000
.01200000000000000000 .01200000000000000000
600 7.67600000000000000000
.01600000000000000000 .01200000000000000000
.01600000000000000000 .03200000000000000000
.02800000000000000000 .02400000000000000000
.02400000000000000000 .01600000000000000000
.02800000000000000000 .02400000000000000000
.02400000000000000000 .02000000000000000000
600 600
.01200000000000000000 .02800000000000000000
600 600
.42400000000000000000 .39600000000000000000
600 600
600 600
600 600
600 600
600 600
600 600
600 600
.12400000000000000000 .12800000000000000000
.24400000000000000000 .22000000000000000000
600 600
600 600
600 600
.07600000000000000000 .08400000000000000000
600 600
600 600
600 600
600 600
600 137.61300000000000000000
1.81200000000000000000 1.60400000000000000000
600 600
1.14800000000000000000 1.09200000000000000000
600 600
.26000000000000000000 .26000000000000000000
1.94400000000000000000 600
600 600
.07200000000000000000 .06400000000000000000
3.73600000000000000000 600
.08400000000000000000 .09200000000000000000
600 600
.29200000000000000000 .29600000000000000000
.09200000000000000000 .08800000000000000000
.32400000000000000000 .32400000000000000000
600 600
600 600
2.29600000000000000000 2.11200000000000000000
600 600
.07600000000000000000 .08400000000000000000
600 600
600 600
600 600
.11600000000000000000 .10400000000000000000
600 600
600 600
600 600
600 600
600 600
600 600
600 600
600 600
.10400000000000000000 .08800000000000000000
600 600
600 600
600 600
600 600
600 600
600 600
600 600
600 600
600 600
.35200000000000000000 .30400000000000000000
.40000000000000000000 600
.03200000000000000000 21.86100000000000000000
600 234.03500000000000000000
600 600
600 600
600 600
600 600
600 600
600 600
