600 600
600 600
600 600
.00800000000000000000 600
600
600 600
2.10000000000000000000 600
600 600
600 600
600 600
600 600
600 600
600 600
600 600
600 600
600 600
600 600
600 600
600 600
600 600
600 600
600 600
600 600
.81600000000000000000 65.56000000000000000000
600 600
600 600
52.25900000000000000000 600
600 600
600 600
600 600
600 600
600 600
600 600
600 600
600 600
600 600
600 600
600 600
600 600
600 600
.78000000000000000000 0
.17600000000000000000 11.14100000000000000000
.19200000000000000000 18.02500000000000000000
.02000000000000000000 .04000000000000000000
600 600
600 600
.01600000000000000000 .01200000000000000000
.01200000000000000000 .03600000000000000000
.01600000000000000000 .28800000000000000000
.60000000000000000000 .19200000000000000000
.02800000000000000000 .04000000000000000000
600 600
.10400000000000000000 .09600000000000000000
.40800000000000000000 .08800000000000000000
.10000000000000000000 .09600000000000000000
600 600
600 600
.03600000000000000000 .04000000000000000000
.05200000000000000000 .05200000000000000000
.07200000000000000000 .06800000000000000000
.06800000000000000000 1.32400000000000000000
.05600000000000000000 113.55500000000000000000
.06000000000000000000 114.51100000000000000000
.06000000000000000000 1.29600000000000000000
.06800000000000000000 .05200000000000000000
600 600
.06000000000000000000 600
.06000000000000000000 600
.06000000000000000000 .04800000000000000000
.22800000000000000000 15.62100000000000000000
600 600
600 600
600 600
600 600
600 600
600 .24000000000000000000
.34000000000000000000 .13200000000000000000
.10400000000000000000 .07200000000000000000
.09600000000000000000 .07600000000000000000
600 .11200000000000000000
.09200000000000000000 600
.04000000000000000000 .03600000000000000000
.03600000000000000000 .04000000000000000000
.04000000000000000000 .03600000000000000000
.04000000000000000000 .03600000000000000000
.03600000000000000000 .04000000000000000000
.04000000000000000000 .04400000000000000000
.08800000000000000000 4.50800000000000000000
.09200000000000000000 4.54400000000000000000
.08800000000000000000 600
4.29600000000000000000 3.21600000000000000000
.03600000000000000000 .03600000000000000000
.04400000000000000000 .04800000000000000000
.04400000000000000000 6.47600000000000000000
600 600
600 600
600 .13200000000000000000
600 600
.04000000000000000000 .04400000000000000000
.04400000000000000000 .04800000000000000000
.05600000000000000000 .05600000000000000000
.05200000000000000000 .04800000000000000000
.05600000000000000000 .05200000000000000000
.09200000000000000000 .08800000000000000000
.06400000000000000000 .07200000000000000000
.78400000000000000000 .68400000000000000000
600 600
600 600
600 600
600 600
0 .03600000000000000000
0 600
.20400000000000000000 .06000000000000000000
.00400000000000000000 .18000000000000000000
.01200000000000000000 .66400000000000000000
600 600
.10800000000000000000 600
.08000000000000000000 600
600 600
600 600
.05200000000000000000 600
.00400000000000000000 600
.00800000000000000000 600
.00800000000000000000 .10000000000000000000
.21600000000000000000 .82800000000000000000
.02800000000000000000 600
.01200000000000000000 .08000000000000000000
.02400000000000000000 39.88200000000000000000
.03600000000000000000 .23600000000000000000
.01600000000000000000 .41600000000000000000
.52800000000000000000 6.50000000000000000000
.03600000000000000000 600
.01200000000000000000 13.42900000000000000000
.01600000000000000000 .06000000000000000000
63.32000000000000000000 600
600 600
.01200000000000000000 .06000000000000000000
3.65200000000000000000 600
.01600000000000000000 .03200000000000000000
.06800000000000000000 1.10800000000000000000
.02000000000000000000 .52000000000000000000
.07200000000000000000 .98400000000000000000
.01200000000000000000 .01600000000000000000
.02400000000000000000 .38400000000000000000
.09600000000000000000 3.52400000000000000000
.05600000000000000000 .45600000000000000000
600 600
.03200000000000000000 600
.02400000000000000000 .02800000000000000000
.11600000000000000000 .12000000000000000000
.02400000000000000000 .02400000000000000000
.02000000000000000000 18.76100000000000000000
.03200000000000000000 .02400000000000000000
.08800000000000000000 .09200000000000000000
.03600000000000000000 143.52900000000000000000
.11600000000000000000 .09200000000000000000
1.59200000000000000000 2.37600000000000000000
.03200000000000000000 .52000000000000000000
.05600000000000000000 600
.03200000000000000000 .80000000000000000000
.02400000000000000000 .03600000000000000000
.05200000000000000000 .04400000000000000000
.02800000000000000000 1.37600000000000000000
600 600
.04000000000000000000 .03200000000000000000
31.32200000000000000000 600
600 600
31.49400000000000000000 600
600 600
600 600
.06000000000000000000 .04400000000000000000
.23200000000000000000 600
.06400000000000000000 .06000000000000000000
.06000000000000000000 .05200000000000000000
2.35600000000000000000 600
.76800000000000000000 5.42000000000000000000
600 600
.07600000000000000000 .06800000000000000000
.05200000000000000000 .05600000000000000000
600 600
600 600
600 600
600 600
28.82200000000000000000 600
33.08200000000000000000 600
600 600
600 600
600 600
600 600
.12400000000000000000 .11600000000000000000
.06400000000000000000 .05600000000000000000
600 600
4.46800000000000000000 4.27600000000000000000
600 600
.15600000000000000000 600
600 600
600 600
.08000000000000000000 282.93800000000000000000
600 600
.15600000000000000000 69.09600000000000000000
.15600000000000000000 600
.07600000000000000000 600
600 600
600 600
.36800000000000000000 .34000000000000000000
1.78000000000000000000 600
600 600
600 600
600 600
.38400000000000000000 .25600000000000000000
3.14000000000000000000 600
600 600
600 600
.10800000000000000000 .10400000000000000000
600 600
6.12000000000000000000 3.78800000000000000000
.30800000000000000000 .30800000000000000000
600 600
.10800000000000000000 .10000000000000000000
600 600
.12400000000000000000 .11200000000000000000
.11600000000000000000 .12800000000000000000
.27200000000000000000 .22800000000000000000
600 600
.13200000000000000000 .14000000000000000000
.14400000000000000000 .13600000000000000000
.40000000000000000000 .32400000000000000000
4.68000000000000000000 600
600 600
600 600
600 600
.14800000000000000000 .13600000000000000000
600 600
600 600
600 600
600 600
600 600
.60400000000000000000 600
600 600
600 600
26.66200000000000000000 600
600 600
600 600
600 137.60900000000000000000
600 600
.20000000000000000000 .18800000000000000000
600 2.70800000000000000000
600 600
.20400000000000000000 .20400000000000000000
.20800000000000000000 600
600 600
600 600
600 600
600 600
600 600
600 600
600 181.85900000000000000000
600 600
600 600
.18800000000000000000 .20400000000000000000
600 600
600 600
600 600
5.76800000000000000000 3.74000000000000000000
600 600
.00800000000000000000 600
600 600
.00400000000000000000 .00800000000000000000
600 600
600 600
600 600
.22400000000000000000 .24000000000000000000
600 600
11.42100000000000000000 600
600 600
600 600
600 600
600 600
600 600
600 600
.23200000000000000000 .24000000000000000000
600 600
600 600
600 600
600 600
600 600
600 600
600 600
600 600
600 600
600 600
600 600
600 600
600 600
600 600
10.36900000000000000000 7.49600000000000000000
600 600
11.31300000000000000000 8.08900000000000000000
13.11700000000000000000 9.04900000000000000000
7.86400000000000000000 600
.60400000000000000000 .60800000000000000000
600 600
600 600
600 600
600 600
600 600
600 600
600 600
600 600
600 600
30.04600000000000000000 14.24500000000000000000
600 600
600 600
.80400000000000000000 .76400000000000000000
21.04500000000000000000 9.61300000000000000000
.78800000000000000000 .78400000000000000000
.80000000000000000000 .76400000000000000000
600 600
600 600
600 600
600 600
600 600
600 600
600 600
600 600
600 600
.91200000000000000000 .88800000000000000000
.92000000000000000000 .87200000000000000000
.90400000000000000000 .88800000000000000000
600 600
22.43700000000000000000 10.09700000000000000000
23.24900000000000000000 10.38100000000000000000
23.15300000000000000000 10.35700000000000000000
22.97300000000000000000 10.15700000000000000000
22.76500000000000000000 10.18500000000000000000
22.89300000000000000000 10.30500000000000000000
600 600
600 600
600 600
600 600
600 600
600 600
600 600
600 600
1.22400000000000000000 1.24400000000000000000
600 600
600 600
600 600
600 600
28.71400000000000000000 12.99300000000000000000
600 600
600 600
600 600
600 600
600 600
600 600
41.98300000000000000000 18.81300000000000000000
600 600
42.28700000000000000000 18.82500000000000000000
600 600
600 600
42.35500000000000000000 18.80100000000000000000
41.12300000000000000000 17.72100000000000000000
600 600
600 600
600 600
600 600
600 600
600 600
42.04300000000000000000 19.73300000000000000000
40.71100000000000000000 600
600 600
600 600
600 600
600 600
600 600
600 600
600 600
600 600
600 600
600 600
78.43300000000000000000 600
75.05300000000000000000 1.65600000000000000000
600 42.17500000000000000000
600 600
600 600
600 600
600 600
600 600
600 600
1.85600000000000000000 1.86000000000000000000
600 600
600 600
600 600
600 600
2.12800000000000000000 2.10800000000000000000
600 142.11300000000000000000
600 600
600 600
600 156.48600000000000000000
600 600
600 600
600 147.77300000000000000000
2.46400000000000000000 2.26000000000000000000
600 600
600 600
600 600
600 600
600 600
600 600
600 600
600 600
600 600
600 600
80.26500000000000000000 600
600 600
.00400000000000000000 .00400000000000000000
.02000000000000000000 .02000000000000000000
.06400000000000000000 .02800000000000000000
.02400000000000000000 .02000000000000000000
.02000000000000000000 .01600000000000000000
.04400000000000000000 .11600000000000000000
.02000000000000000000 .01600000000000000000
.02400000000000000000 .02000000000000000000
600 600
.00800000000000000000 .01600000000000000000
.01200000000000000000 .02400000000000000000
.01600000000000000000 .05200000000000000000
.01200000000000000000 .01600000000000000000
.01200000000000000000 .06400000000000000000
.01200000000000000000 .01600000000000000000
.02000000000000000000 .02000000000000000000
.02800000000000000000 .22000000000000000000
600 600
600 600
600 600
.01600000000000000000 .00800000000000000000
.04000000000000000000 .53600000000000000000
.01200000000000000000 .01200000000000000000
.01200000000000000000 .01200000000000000000
.01200000000000000000 .01200000000000000000
.00800000000000000000 .01200000000000000000
.01200000000000000000 .00800000000000000000
.02800000000000000000 4.88800000000000000000
.04400000000000000000 36.63800000000000000000
.00800000000000000000 .00400000000000000000
600 600
.02800000000000000000 .96000000000000000000
.00800000000000000000 .00800000000000000000
.17600000000000000000 .12000000000000000000
.01200000000000000000 .01600000000000000000
.03200000000000000000 7.56400000000000000000
.01200000000000000000 .02000000000000000000
.00800000000000000000 .00800000000000000000
.00800000000000000000 .00800000000000000000
0 .00800000000000000000
.02000000000000000000 .02000000000000000000
.02000000000000000000 .04400000000000000000
.01200000000000000000 .00800000000000000000
.08000000000000000000 1.74800000000000000000
.02000000000000000000 52.66300000000000000000
.01200000000000000000 .02400000000000000000
.02400000000000000000 .29600000000000000000
600 600
.00400000000000000000 0
600 .01200000000000000000
.00800000000000000000 .00800000000000000000
.00800000000000000000 .01200000000000000000
.02000000000000000000 .00800000000000000000
.03200000000000000000 .03200000000000000000
1.98000000000000000000 2.82800000000000000000
.02400000000000000000 .02000000000000000000
600 600
.02400000000000000000 .02400000000000000000
600 600
.95600000000000000000 14.50500000000000000000
600 600
600 600
600 600
7.02800000000000000000 .62800000000000000000
600 600
600 600
600 600
.24800000000000000000 .40400000000000000000
.22000000000000000000 .22000000000000000000
600 600
600 600
600 600
.11600000000000000000 .11200000000000000000
600 600
600 600
600 600
600 600
600 600
600 .21600000000000000000
600 600
600 .12800000000000000000
600 600
.24400000000000000000 .20000000000000000000
2.74000000000000000000 11.96500000000000000000
600 600
.07200000000000000000 .06000000000000000000
67.30800000000000000000 50.90700000000000000000
.11200000000000000000 .10800000000000000000
600 600
.21600000000000000000 .21200000000000000000
.12000000000000000000 .12000000000000000000
.19600000000000000000 .21200000000000000000
600 600
600 600
.89200000000000000000 600
600 600
.07600000000000000000 .06800000000000000000
600 600
600 600
600 600
.12400000000000000000 .11600000000000000000
600 600
600 600
600 600
600 600
600 600
600 600
600 600
600 600
.11200000000000000000 .11200000000000000000
600 600
600 600
600 600
600 600
600 600
600 600
600 600
600 600
600 600
2.23600000000000000000 1.97600000000000000000
600 600
600 600
600 600
.06000000000000000000 600
50.75100000000000000000 25.29000000000000000000
2.34000000000000000000 6.92000000000000000000
600 600
600 600
600 600
