600 600
600 600
600 600
.00800000000000000000 600
600
600 600
2.10000000000000000000 600
600 600
600 600
600 600
600 600
600 600
600 600
600 600
600 600
600 600
600 600
600 600
600 600
600 600
600 600
600 600
.02000000000000000000 .02800000000000000000
.04400000000000000000 .04400000000000000000
.04400000000000000000 .03600000000000000000
.04000000000000000000 .04000000000000000000
.02000000000000000000 .02400000000000000000
.04000000000000000000 .04400000000000000000
.02800000000000000000 .03200000000000000000
.02400000000000000000 .02800000000000000000
.04000000000000000000 .03200000000000000000
.04000000000000000000 .04400000000000000000
.02400000000000000000 600
.04400000000000000000 .10000000000000000000
.02800000000000000000 600
.04800000000000000000 .10800000000000000000
.02800000000000000000 600
.04000000000000000000 600
.02400000000000000000 600
.04400000000000000000 .84000000000000000000
.02400000000000000000 600
.05200000000000000000 1.24800000000000000000
.04000000000000000000 600
.05600000000000000000 600
.02800000000000000000 600
.07600000000000000000 .11200000000000000000
.09600000000000000000 .10400000000000000000
.02400000000000000000 600
.04400000000000000000 .10000000000000000000
.03600000000000000000 .03600000000000000000
.03200000000000000000 600
.05200000000000000000 .05600000000000000000
.05200000000000000000 .04400000000000000000
.03200000000000000000 600
.08400000000000000000 .28400000000000000000
.07200000000000000000 600
.10000000000000000000 .43600000000000000000
.03600000000000000000 600
.04800000000000000000 .63200000000000000000
.02400000000000000000 .03200000000000000000
600 600
.02000000000000000000 .02800000000000000000
.04400000000000000000 .03200000000000000000
.04400000000000000000 .04400000000000000000
.02400000000000000000 .02400000000000000000
.03600000000000000000 .03200000000000000000
.03600000000000000000 .04000000000000000000
.02800000000000000000 .01600000000000000000
.04400000000000000000 .04000000000000000000
.04400000000000000000 600
.09200000000000000000 .13600000000000000000
.04000000000000000000 600
.16800000000000000000 6.33600000000000000000
.02800000000000000000 600
.04000000000000000000 .13200000000000000000
.18800000000000000000 600
600 600
.02000000000000000000 600
.03200000000000000000 .13200000000000000000
.04000000000000000000 600
600 600
600 600
.81600000000000000000 234.67100000000000000000
600 600
600 600
52.25900000000000000000 600
600 600
600 600
600 600
600 600
600 600
600 600
600 600
600 600
600 600
600 600
600 600
600 600
600 600
600 600
600 600
.00400000000000000000 0
600 600
600 600
600 600
600 600
600 600
600 600
600 600
.78000000000000000000 .00400000000000000000
.17600000000000000000 11.26900000000000000000
.19200000000000000000 18.17700000000000000000
.02000000000000000000 .02800000000000000000
600 600
600 600
.01600000000000000000 .01200000000000000000
.01200000000000000000 .03600000000000000000
.01600000000000000000 .27600000000000000000
.60000000000000000000 .18400000000000000000
.02800000000000000000 .03600000000000000000
.30000000000000000000 22.31700000000000000000
.18400000000000000000 600
6.88400000000000000000 600
53.56300000000000000000 600
600 600
.09600000000000000000 .16400000000000000000
.41200000000000000000 .38800000000000000000
.04000000000000000000 2.08400000000000000000
.41200000000000000000 8.61300000000000000000
600 600
.10400000000000000000 .09600000000000000000
.40800000000000000000 .08400000000000000000
.10000000000000000000 .09600000000000000000
600 600
600 600
.03600000000000000000 .03600000000000000000
.05200000000000000000 .04800000000000000000
.07200000000000000000 .07200000000000000000
.06800000000000000000 1.36800000000000000000
.05600000000000000000 116.05900000000000000000
.06000000000000000000 116.11500000000000000000
.06000000000000000000 1.23200000000000000000
.06800000000000000000 .05200000000000000000
600 600
.06000000000000000000 600
.06000000000000000000 600
.06000000000000000000 .04400000000000000000
.22800000000000000000 15.71300000000000000000
600 600
600 600
600 600
600 600
600 600
600 .22800000000000000000
.34000000000000000000 .14000000000000000000
.10400000000000000000 .06400000000000000000
.09600000000000000000 .06800000000000000000
600 .11600000000000000000
.09200000000000000000 600
.04000000000000000000 .04000000000000000000
.03600000000000000000 .04000000000000000000
.04000000000000000000 .04000000000000000000
.04000000000000000000 .02800000000000000000
.03600000000000000000 .04000000000000000000
.04000000000000000000 .03600000000000000000
.08800000000000000000 .11200000000000000000
.09200000000000000000 .11600000000000000000
.08800000000000000000 .10000000000000000000
4.29600000000000000000 3.12400000000000000000
.03600000000000000000 .04000000000000000000
.04400000000000000000 .04000000000000000000
.04400000000000000000 6.42400000000000000000
600 600
600 600
600 .14000000000000000000
600 600
.04000000000000000000 .04400000000000000000
.04400000000000000000 .05200000000000000000
.05600000000000000000 .05200000000000000000
.05200000000000000000 .04000000000000000000
.05600000000000000000 .04400000000000000000
.09200000000000000000 .08800000000000000000
.06400000000000000000 .06800000000000000000
.78400000000000000000 .64400000000000000000
600 600
600 600
600 600
600 600
0 .02800000000000000000
0 600
.20400000000000000000 .05600000000000000000
.00400000000000000000 .18800000000000000000
.01200000000000000000 .66400000000000000000
600 600
.10800000000000000000 600
.08000000000000000000 600
600 600
600 600
.05200000000000000000 600
.00400000000000000000 600
.00800000000000000000 600
.00800000000000000000 .10000000000000000000
.21600000000000000000 .31600000000000000000
.02800000000000000000 600
.01200000000000000000 .08400000000000000000
.02400000000000000000 34.25800000000000000000
.03600000000000000000 .25200000000000000000
.01600000000000000000 .42000000000000000000
.52800000000000000000 6.48800000000000000000
.03600000000000000000 600
.01200000000000000000 12.58100000000000000000
.01600000000000000000 .06400000000000000000
63.32000000000000000000 600
600 600
.01200000000000000000 .05600000000000000000
3.65200000000000000000 600
.01600000000000000000 .02400000000000000000
.06800000000000000000 1.09200000000000000000
.02000000000000000000 .51600000000000000000
.07200000000000000000 .95200000000000000000
.01200000000000000000 .01600000000000000000
.02400000000000000000 .38800000000000000000
.09600000000000000000 3.41600000000000000000
.05600000000000000000 .45200000000000000000
600 600
.03200000000000000000 600
.02400000000000000000 .02800000000000000000
.11600000000000000000 .12800000000000000000
.02400000000000000000 .02400000000000000000
.02000000000000000000 23.00100000000000000000
.03200000000000000000 .02800000000000000000
.08800000000000000000 .09600000000000000000
.03600000000000000000 143.78900000000000000000
.11600000000000000000 .09600000000000000000
1.59200000000000000000 2.33600000000000000000
.03200000000000000000 .51600000000000000000
.05600000000000000000 600
.03200000000000000000 .78000000000000000000
.02400000000000000000 .03200000000000000000
.05200000000000000000 .04800000000000000000
.02800000000000000000 1.37200000000000000000
600 600
.04000000000000000000 .04400000000000000000
31.32200000000000000000 600
600 600
31.49400000000000000000 600
600 600
600 600
.06000000000000000000 .05600000000000000000
.23200000000000000000 600
.06400000000000000000 .07200000000000000000
.06000000000000000000 .06400000000000000000
2.35600000000000000000 600
.76800000000000000000 5.06400000000000000000
600 600
.07600000000000000000 .07200000000000000000
.05200000000000000000 .06000000000000000000
600 600
600 600
600 600
600 600
28.82200000000000000000 600
33.08200000000000000000 600
600 600
600 600
600 600
600 600
.12400000000000000000 .12000000000000000000
.06400000000000000000 .07600000000000000000
600 600
4.46800000000000000000 4.28000000000000000000
600 600
.15600000000000000000 600
600 600
600 600
.08000000000000000000 280.97400000000000000000
600 600
.15600000000000000000 68.76000000000000000000
.15600000000000000000 600
.07600000000000000000 600
600 600
600 600
.36800000000000000000 .35200000000000000000
1.78000000000000000000 600
600 600
600 600
600 600
.38400000000000000000 .25600000000000000000
3.14000000000000000000 600
600 600
600 600
.10800000000000000000 .10400000000000000000
600 600
6.12000000000000000000 3.76000000000000000000
.30800000000000000000 .32000000000000000000
600 600
.10800000000000000000 .10000000000000000000
600 600
.12400000000000000000 .12400000000000000000
.11600000000000000000 .13200000000000000000
.27200000000000000000 .24000000000000000000
600 600
.13200000000000000000 .13200000000000000000
.14400000000000000000 .12800000000000000000
.40000000000000000000 .32000000000000000000
4.68000000000000000000 600
600 600
600 600
600 600
.14800000000000000000 .14400000000000000000
600 600
600 600
600 600
600 600
600 600
.60400000000000000000 600
600 600
600 600
26.66200000000000000000 600
600 600
600 600
600 160.50600000000000000000
600 600
.20000000000000000000 .19600000000000000000
600 2.72800000000000000000
600 600
.20400000000000000000 .19600000000000000000
.20800000000000000000 600
600 600
600 600
600 600
600 600
600 600
600 600
600 182.38300000000000000000
600 600
600 600
.18800000000000000000 .20000000000000000000
600 600
600 600
600 600
5.76800000000000000000 3.71600000000000000000
600 600
.00800000000000000000 600
600 600
.00400000000000000000 .00800000000000000000
600 600
600 600
600 600
.22400000000000000000 .24800000000000000000
600 600
11.42100000000000000000 600
600 600
600 600
600 600
600 600
600 600
600 600
.23200000000000000000 .25200000000000000000
600 600
600 600
600 600
600 600
600 600
600 600
600 600
600 600
600 600
600 600
600 600
600 600
600 600
600 600
10.36900000000000000000 7.41200000000000000000
600 600
11.31300000000000000000 8.26100000000000000000
13.11700000000000000000 9.10500000000000000000
7.86400000000000000000 600
.60400000000000000000 .60000000000000000000
600 600
600 600
600 600
600 600
600 600
600 600
600 600
600 600
600 600
30.04600000000000000000 14.30900000000000000000
600 600
600 600
.80400000000000000000 .76400000000000000000
21.04500000000000000000 9.54100000000000000000
.78800000000000000000 .78000000000000000000
.80000000000000000000 .78000000000000000000
600 600
600 600
600 600
600 600
600 600
600 600
600 600
600 600
600 600
.91200000000000000000 .89200000000000000000
.92000000000000000000 .90800000000000000000
.90400000000000000000 .90000000000000000000
600 600
22.43700000000000000000 10.14100000000000000000
23.24900000000000000000 10.40900000000000000000
23.15300000000000000000 10.36100000000000000000
22.97300000000000000000 10.19700000000000000000
22.76500000000000000000 10.28500000000000000000
22.89300000000000000000 10.30900000000000000000
600 600
600 600
600 600
600 600
600 600
600 600
600 600
600 600
1.22400000000000000000 1.23600000000000000000
600 600
600 600
600 600
600 600
28.71400000000000000000 12.92100000000000000000
600 600
600 600
600 600
600 600
600 600
600 600
41.98300000000000000000 18.96100000000000000000
600 600
42.28700000000000000000 18.74100000000000000000
600 600
600 600
42.35500000000000000000 18.66900000000000000000
41.12300000000000000000 17.65700000000000000000
600 600
600 600
600 600
600 600
600 600
600 600
42.04300000000000000000 19.77300000000000000000
40.71100000000000000000 600
600 600
600 600
600 600
600 600
600 600
600 600
600 600
600 600
600 600
600 600
78.43300000000000000000 600
75.05300000000000000000 1.65600000000000000000
600 42.29500000000000000000
600 600
600 600
600 600
600 600
600 600
600 600
1.85600000000000000000 1.83600000000000000000
600 600
600 600
600 600
600 600
2.12800000000000000000 2.14400000000000000000
600 141.32900000000000000000
600 600
600 600
600 157.66200000000000000000
600 600
600 600
600 153.30200000000000000000
2.46400000000000000000 2.28800000000000000000
600 600
600 600
600 600
600 600
600 600
600 600
600 600
600 600
600 600
600 600
80.26500000000000000000 600
600 600
.00400000000000000000 .00400000000000000000
.01200000000000000000 600
0 600
0 600
.00800000000000000000 600
.02000000000000000000 600
.00400000000000000000 600
.03600000000000000000 .04400000000000000000
.03600000000000000000 .03600000000000000000
.13600000000000000000 600
.12800000000000000000 600
.12400000000000000000 600
.12800000000000000000 600
.12000000000000000000 600
.13600000000000000000 600
.10400000000000000000 600
.10400000000000000000 600
.10800000000000000000 600
.10400000000000000000 600
.10800000000000000000 600
600 600
.14400000000000000000 600
.36000000000000000000 600
.10800000000000000000 600
.28800000000000000000 600
600 600
.14000000000000000000 600
.10400000000000000000 600
.03200000000000000000 .04400000000000000000
600 600
.03600000000000000000 .04400000000000000000
.10000000000000000000 27.65000000000000000000
.04000000000000000000 .04400000000000000000
.10000000000000000000 27.19000000000000000000
600 600
.09600000000000000000 .62800000000000000000
600 600
600 600
.10800000000000000000 600
.03600000000000000000 .04400000000000000000
.32000000000000000000 600
.09200000000000000000 22.49700000000000000000
.03600000000000000000 .04400000000000000000
.03600000000000000000 .03600000000000000000
.03600000000000000000 .04400000000000000000
.03600000000000000000 .04400000000000000000
.03200000000000000000 .04400000000000000000
.03600000000000000000 .04000000000000000000
.03600000000000000000 .04000000000000000000
.09200000000000000000 51.77100000000000000000
.08800000000000000000 29.05800000000000000000
.03200000000000000000 .04000000000000000000
.08800000000000000000 128.17600000000000000000
.03600000000000000000 .04400000000000000000
.09600000000000000000 70.54800000000000000000
.04000000000000000000 .04400000000000000000
.03600000000000000000 .04400000000000000000
.03600000000000000000 .04400000000000000000
.03600000000000000000 .04400000000000000000
.03200000000000000000 .03600000000000000000
.03600000000000000000 .03600000000000000000
.03200000000000000000 .04400000000000000000
.03600000000000000000 1.80400000000000000000
.03600000000000000000 1.80800000000000000000
600 600
.04000000000000000000 .04000000000000000000
.03200000000000000000 .04400000000000000000
.03200000000000000000 .04400000000000000000
.03600000000000000000 .04400000000000000000
.03200000000000000000 .04400000000000000000
.03600000000000000000 .04000000000000000000
.04000000000000000000 .04400000000000000000
.03200000000000000000 .04000000000000000000
.04000000000000000000 .04000000000000000000
.33600000000000000000 2.51200000000000000000
.81200000000000000000 234.59100000000000000000
.81200000000000000000 235.26300000000000000000
.13200000000000000000 600
.12400000000000000000 600
.12000000000000000000 252.02400000000000000000
.10400000000000000000 66.69600000000000000000
.09600000000000000000 13.15300000000000000000
.12000000000000000000 600
.12400000000000000000 600
.09200000000000000000 8.72900000000000000000
600 600
600 600
.11200000000000000000 .64000000000000000000
.82800000000000000000 234.10700000000000000000
.10400000000000000000 .62800000000000000000
.03200000000000000000 .04400000000000000000
.03600000000000000000 .04400000000000000000
.03200000000000000000 .04000000000000000000
600 600
.12000000000000000000 600
600 600
.16800000000000000000 600
.14000000000000000000 600
600 600
.21600000000000000000 600
.12400000000000000000 600
.11200000000000000000 600
.11200000000000000000 600
600 600
.03600000000000000000 .04000000000000000000
600 600
.04000000000000000000 .04000000000000000000
.10400000000000000000 600
.03200000000000000000 .04000000000000000000
600 600
.41600000000000000000 600
.02400000000000000000 .04400000000000000000
600 600
.04000000000000000000 .04000000000000000000
600 600
.04000000000000000000 8.10900000000000000000
.04000000000000000000 4.24800000000000000000
.09600000000000000000 7.04800000000000000000
.09600000000000000000 7.03200000000000000000
.09200000000000000000 1.77600000000000000000
.08800000000000000000 1.77200000000000000000
.09200000000000000000 1.75600000000000000000
.10000000000000000000 6.81600000000000000000
.10000000000000000000 600
.09600000000000000000 600
.09200000000000000000 600
.09600000000000000000 600
.09200000000000000000 600
.09600000000000000000 600
.08800000000000000000 .11600000000000000000
.08800000000000000000 .10000000000000000000
.09200000000000000000 .11200000000000000000
.08800000000000000000 .10800000000000000000
.08800000000000000000 .10800000000000000000
.09200000000000000000 .11200000000000000000
.12400000000000000000 10.83700000000000000000
.12000000000000000000 10.80500000000000000000
.11200000000000000000 600
.04400000000000000000 .04000000000000000000
.09600000000000000000 41.90300000000000000000
.33200000000000000000 600
.11600000000000000000 600
.04800000000000000000 .04800000000000000000
.09600000000000000000 113.09900000000000000000
.28000000000000000000 600
.11200000000000000000 600
.10800000000000000000 600
.25600000000000000000 600
.36400000000000000000 600
.11600000000000000000 600
.09200000000000000000 600
.11600000000000000000 600
.09600000000000000000 600
.09600000000000000000 3.26800000000000000000
.09200000000000000000 600
.10000000000000000000 600
.10400000000000000000 292.22600000000000000000
.09600000000000000000 600
.10000000000000000000 600
.10000000000000000000 600
.10400000000000000000 600
.10000000000000000000 600
.09600000000000000000 600
.08000000000000000000 138.73300000000000000000
.10000000000000000000 106.76300000000000000000
.10400000000000000000 600
.10000000000000000000 600
.10400000000000000000 165.59400000000000000000
.09600000000000000000 600
.09200000000000000000 600
.08800000000000000000 600
.09200000000000000000 600
.13600000000000000000 600
.13200000000000000000 600
.11600000000000000000 2.50000000000000000000
.12000000000000000000 600
.10800000000000000000 12.00900000000000000000
.10400000000000000000 12.00900000000000000000
.10400000000000000000 13.10100000000000000000
.10800000000000000000 13.78500000000000000000
.10000000000000000000 13.81300000000000000000
.10800000000000000000 10.06500000000000000000
.10400000000000000000 9.55700000000000000000
.10400000000000000000 86.78500000000000000000
.09200000000000000000 600
.10000000000000000000 600
.16400000000000000000 600
.16000000000000000000 600
.10400000000000000000 6.26400000000000000000
.11200000000000000000 6.59600000000000000000
.09200000000000000000 600
.10400000000000000000 6.61200000000000000000
.10800000000000000000 6.56000000000000000000
.09600000000000000000 600
.10400000000000000000 .13600000000000000000
.09600000000000000000 .14400000000000000000
.09600000000000000000 .13600000000000000000
.10000000000000000000 .14400000000000000000
.10000000000000000000 .14000000000000000000
.10000000000000000000 .12800000000000000000
.08800000000000000000 .14000000000000000000
.09600000000000000000 .12800000000000000000
.09200000000000000000 .12400000000000000000
.09200000000000000000 .12800000000000000000
.10000000000000000000 13.40100000000000000000
.10000000000000000000 .11600000000000000000
.10000000000000000000 .12000000000000000000
.08800000000000000000 .11200000000000000000
.09600000000000000000 .11200000000000000000
.09600000000000000000 .11600000000000000000
.08400000000000000000 .11200000000000000000
.09600000000000000000 .12000000000000000000
.09200000000000000000 .11600000000000000000
.08800000000000000000 .10400000000000000000
.09200000000000000000 .11200000000000000000
.09600000000000000000 .10400000000000000000
.02000000000000000000 .01600000000000000000
.06400000000000000000 .02400000000000000000
.02400000000000000000 .02400000000000000000
.02000000000000000000 .02000000000000000000
.04400000000000000000 .12000000000000000000
.02000000000000000000 .02000000000000000000
.02400000000000000000 .02000000000000000000
600 600
.00800000000000000000 .01200000000000000000
.01200000000000000000 .02400000000000000000
.01600000000000000000 .04800000000000000000
.01200000000000000000 .01600000000000000000
.01200000000000000000 .05600000000000000000
.01200000000000000000 .02400000000000000000
.02000000000000000000 .01600000000000000000
.02800000000000000000 .22400000000000000000
600 600
600 600
600 600
.01600000000000000000 .00800000000000000000
.04000000000000000000 .52800000000000000000
.01200000000000000000 .00400000000000000000
.01200000000000000000 .01200000000000000000
.01200000000000000000 .00800000000000000000
.00800000000000000000 .01200000000000000000
.01200000000000000000 .01200000000000000000
.02800000000000000000 4.84800000000000000000
.04400000000000000000 36.39400000000000000000
.00800000000000000000 .00400000000000000000
600 600
.02800000000000000000 .96400000000000000000
.00800000000000000000 .00400000000000000000
.17600000000000000000 .12800000000000000000
.01200000000000000000 .01600000000000000000
.03200000000000000000 7.46000000000000000000
.01200000000000000000 .02000000000000000000
.00800000000000000000 .00400000000000000000
.00800000000000000000 .01600000000000000000
0 .00400000000000000000
.02000000000000000000 .02400000000000000000
.02000000000000000000 .04000000000000000000
.01200000000000000000 .00400000000000000000
.08000000000000000000 1.73200000000000000000
.02000000000000000000 52.18300000000000000000
.01200000000000000000 .02400000000000000000
.02400000000000000000 .30400000000000000000
600 600
.00400000000000000000 .00800000000000000000
600 .00800000000000000000
.00800000000000000000 .00800000000000000000
.00800000000000000000 .01200000000000000000
.02000000000000000000 .01200000000000000000
.03200000000000000000 .03200000000000000000
1.98000000000000000000 2.80400000000000000000
.02400000000000000000 .02000000000000000000
600 600
.02400000000000000000 .02400000000000000000
600 600
.34000000000000000000 .07200000000000000000
9.62900000000000000000 .07200000000000000000
.15200000000000000000 .08000000000000000000
.30400000000000000000 .08000000000000000000
.30400000000000000000 .07200000000000000000
.37200000000000000000 .07200000000000000000
.38000000000000000000 .05600000000000000000
.39200000000000000000 .08400000000000000000
.18400000000000000000 78.80900000000000000000
600 600
600 600
.49200000000000000000 1.86800000000000000000
.14400000000000000000 .28800000000000000000
.50400000000000000000 169.43900000000000000000
.24400000000000000000 .84400000000000000000
.14800000000000000000 .14400000000000000000
131.94800000000000000000 .36400000000000000000
17.95700000000000000000 600
600 600
.20000000000000000000 8.53300000000000000000
.12000000000000000000 1.62000000000000000000
600 600
600 600
600 600
600 .94000000000000000000
600 600
600 600
4.84000000000000000000 600
8.98900000000000000000 600
600 600
9.81300000000000000000 50.72700000000000000000
9.84500000000000000000 50.67100000000000000000
.70800000000000000000 19.02900000000000000000
600 600
.95600000000000000000 14.42500000000000000000
600 600
600 600
600 600
7.02800000000000000000 .64400000000000000000
600 600
600 600
600 600
.24800000000000000000 .41200000000000000000
.22000000000000000000 .22000000000000000000
600 600
600 600
600 600
.11600000000000000000 .10000000000000000000
600 600
600 600
600 600
600 600
600 600
600 .21200000000000000000
600 600
600 .12800000000000000000
600 600
.24400000000000000000 .22400000000000000000
2.74000000000000000000 11.92900000000000000000
600 600
.07200000000000000000 .07200000000000000000
67.30800000000000000000 50.61500000000000000000
.11200000000000000000 .11200000000000000000
600 600
.21600000000000000000 .21200000000000000000
.12000000000000000000 .12400000000000000000
.19600000000000000000 .20400000000000000000
600 600
600 600
.89200000000000000000 600
600 600
.07600000000000000000 .06800000000000000000
600 600
600 600
600 600
.12400000000000000000 .11200000000000000000
600 600
600 600
600 600
600 600
600 600
600 600
600 600
600 600
.11200000000000000000 .11200000000000000000
600 600
600 600
600 600
600 600
600 600
600 600
600 600
600 600
600 600
2.23600000000000000000 1.95200000000000000000
600 600
600 600
600 600
.06000000000000000000 600
50.75100000000000000000 25.10200000000000000000
2.34000000000000000000 6.87200000000000000000
600 600
600 600
