53.33 3.65
10.84 5.98
600 600
600 600
600 600
600 600
600 600
600 600
600 600
0.19 600
600 600
600 600
600 600
12.94 600
14.51 19.63
2.45 600
2.46 600
600 600
600 600
14.06 600
0.03 9.01
600 600
0.01 0.01
0.01 0.01
0.00 0.01
0.01 0.01
0.01 0.01
0.01 0.01
0.01 0.01
0.00 0.01
0.01 0.02
0.01 0.01
0.00 600
0.00 0.10
0.01 600
0.00 0.06
0.01 600
0.01 0.05
0.01 600
0.01 0.07
1.34 600
1.32 0.10
1.28 600
1.12 0.06
0.04 600
0.04 0.04
0.01 0.05
0.01 600
0.01 0.07
0.01 0.02
0.03 600
0.04 0.04
0.01 0.05
0.02 600
0.01 0.07
0.01 600
0.06 2.36
0.05 600
0.04 0.05
0.01 0.01
600 600
0.01 0.01
0.01 0.04
0.01 0.03
0.01 0.00
0.01 0.03
0.00 0.02
0.01 0.01
0.01 0.04
0.01 600
0.02 0.03
31.75 600
0.04 1.30
0.01 600
0.01 0.02
0.02 600
600 600
0.01 600
0.01 0.02
0.04 600
600 600
600 600
1.52 2.38
600 600
600 600
9.54 600
600 600
600 600
600 600
600 600
0.01 0.04
3.79 600
600 600
600 600
0.18 2.27
600 600
2.63 6.90
2.28 2.27
5.74 6.29
600 600
600 600
0.02 0.02
600 600
600 600
600 600
600 600
600 600
600 600
600 600
0.01 0.01
0.03 0.10
0.02 0.24
0.02 0.16
600 600
1.40 600
0.01 0.01
0.00 0.01
0.01 0.01
600 600
0.00 0.01
1.84 0.93
600 600
600 600
600 600
600 600
0.19 0.60
2.82 2.17
1.26 6.25
15.16 6.44
0.07 0.61
1.36 5.30
0.02 5.30
1.37 4.39
1.46 22.33
1.52 22.36
0.01 0.02
0.01 0.02
0.01 0.02
0.01 0.02
0.01 0.02
0.01 0.01
0.01 0.42
0.00 0.02
0.01 0.01
0.01 0.02
0.02 0.02
0.02 0.01
0.02 0.02
11.04 3.35
0.02 1.12
0.02 1.19
12.54 3.29
12.62 3.29
0.56 0.03
0.02 3.34
0.01 0.01
0.02 0.01
0.00 0.04
3.35 1.64
0.01 0.01
0.02 0.02
0.02 0.02
0.01 0.02
0.01 0.02
0.01 0.01
0.02 0.02
0.03 0.02
0.04 0.02
0.03 0.20
0.01 0.00
0.01 0.01
0.01 0.20
0.02 0.45
2.13 600
0.02 0.74
1.41 5.44
0.02 0.02
0.02 0.02
0.01 0.06
0.02 0.09
0.02 0.05
0.02 5.45
0.02 0.06
0.02 0.02
4.21 7.16
4.24 7.27
6.03 5.62
5.28 5.61
0.01 0.01
0.01 0.01
0.01 0.03
0.01 0.01
3.26 600
600 600
600 600
600 600
600 600
600 600
3.71 3.23
0.01 0.01
0.01 0.01
1.71 3.29
6.87 6.46
0.04 0.71
1.71 0.40
15.00 600
0.01 5.28
0.06 0.04
0.72 0.90
45.28 600
1.20 6.22
0.01 0.01
33.77 22.09
33.58 22.18
0.01 0.01
33.50 18.60
0.01 0.00
0.22 0.08
0.07 0.02
4.47 3.25
0.01 0.00
0.90 1.56
0.11 35.15
0.35 0.02
4.51 3.33
0.01 0.02
0.01 0.01
0.00 0.02
0.02 0.03
0.01 1.53
0.01 0.03
0.16 0.07
2.45 6.23
0.26 0.35
600 600
0.02 0.03
600 600
0.03 0.03
0.01 0.02
0.04 0.52
0.01 0.02
600 600
1.29 0.59
600 600
0.00 0.01
8.10 22.61
0.01 0.00
600 600
0.01 0.04
1.58 25.69
1.34 0.04
0.01 0.04
1.37 0.20
1.36 0.10
600 600
600 600
12.80 6.23
600 600
600 600
0.73 600
600 600
600 600
600 600
600 600
600 600
0.05 2.32
0.25 0.11
0.12 0.02
0.02 0.02
600 600
600 600
600 600
600 600
600 600
600 600
0.06 7.40
600 600
1.11 600
600 600
0.06 600
600 600
600 600
600 600
600 600
600 600
600 600
600 600
600 600
600 600
600 600
600 600
10.36 600
600 600
600 600
0.16 600
600 600
0.14 0.06
600 600
0.03 0.09
0.17 7.42
600 600
600 600
0.17 0.30
0.11 0.79
0.16 29.91
600 600
600 600
600 600
600 600
0.02 0.04
600 600
600 600
600 600
600 1.35
600 600
0.17 600
600 600
600 600
0.35 600
600 600
600 600
600 600
600 600
0.04 0.28
8.33 600
600 600
0.40 0.12
0.11 600
600 600
600 600
600 600
600 600
600 600
600 600
600 600
600 600
600 600
1.78 0.14
600 600
600 600
600 600
0.22 0.33
600 600
7.28 0.50
600 600
0.00 0.06
0.37 0.69
600 600
600 600
16.74 11.10
9.08 9.95
1.73 0.70
600 600
600 600
600 600
600 600
600 600
600 600
2.99 2.50
600 600
600 600
600 600
600 600
600 600
600 600
600 600
600 600
600 600
600 600
600 600
600 600
600 600
600 600
8.32 0.47
600 600
3.73 600
8.66 600
2.14 0.16
0.08 0.12
600 600
600 600
600 600
600 600
600 600
600 600
600 600
600 600
600 600
8.44 8.84
600 600
600 600
0.08 0.14
26.27 14.13
4.26 0.58
27.90 600
600 600
600 600
600 600
600 600
600 600
600 600
600 600
600 600
600 600
600 600
600 600
0.71 0.32
600 600
600 600
600 600
8.46 11.23
14.36 1.87
600 600
600 600
600 600
600 600
600 600
600 600
600 600
600 600
600 600
600 600
12.76 600
600 600
600 600
600 600
600 600
600 600
600 600
600 600
600 600
600 600
600 600
600 600
600 600
600 600
600 600
600 600
600 600
600 600
3.23 0.30
16.37 4.38
600 600
600 600
600 600
600 600
600 600
7.88 600
600 600
600 600
600 600
600 600
600 600
600 600
600 600
600 600
600 600
22.69 13.45
600 600
0.16 45.21
15.42 600
600 600
600 600
600 600
600 600
600 600
600 600
600 600
0.26 0.35
600 600
600 600
600 600
600 600
4.11 600
600 600
600 600
600 600
600 600
600 600
600 600
600 600
600 600
600 600
600 600
600 600
600 600
600 600
600 600
600 600
600 600
600 600
600 600
600 600
600 600
0.01 0.01
0.01 600
0.00 600
0.01 600
0.01 600
0.01 600
0.00 600
0.02 0.01
0.01 0.02
0.06 600
0.05 600
0.05 600
0.04 600
0.04 600
0.08 600
0.01 0.04
0.02 0.05
0.10 0.25
0.07 1.09
0.05 600
600 600
0.14 600
0.21 600
0.06 600
0.04 600
600 600
0.02 600
0.07 600
0.02 0.01
600 600
0.01 0.02
0.04 0.06
0.01 0.01
0.04 0.04
600 600
0.01 0.04
600 600
600 600
0.08 0.21
0.02 0.01
0.02 600
0.03 0.02
0.02 0.02
0.02 0.02
0.02 0.01
0.01 0.02
0.02 0.02
0.02 0.02
0.02 0.01
0.02 0.02
0.01 0.02
0.02 0.01
0.06 0.04
0.02 0.02
0.02 0.03
0.01 0.01
0.00 0.02
0.02 0.00
0.01 0.01
0.02 0.02
0.01 0.01
0.01 0.02
0.00 0.02
0.01 0.02
600 600
0.02 0.01
0.01 0.02
0.01 0.01
0.01 0.02
0.02 0.02
0.02 0.01
0.02 0.01
0.02 0.01
0.02 0.01
7.58 600
1.31 600
1.32 600
0.02 600
0.09 22.46
0.08 22.06
0.06 0.04
0.05 0.04
0.06 20.52
0.08 7.30
0.04 0.05
600 600
600 600
0.62 0.30
1.28 600
1.26 5.40
0.01 0.02
0.02 0.02
0.02 0.02
600 600
0.17 0.07
600 600
1.32 600
0.58 600
600 600
0.08 0.09
0.13 0.07
0.13 0.15
0.08 0.06
600 600
0.01 0.02
600 600
0.01 0.00
0.08 12.62
0.01 0.02
600 600
0.19 600
0.01 0.01
600 600
0.02 0.02
600 600
0.02 0.02
0.02 0.02
0.03 0.04
0.03 0.04
0.04 0.04
0.04 0.04
0.03 0.04
0.03 0.04
0.02 600
0.02 600
0.02 600
0.02 600
0.02 600
0.02 600
0.01 0.02
0.02 0.02
0.02 0.02
0.02 0.02
0.02 0.02
0.01 0.02
0.02 0.04
0.02 0.04
0.06 0.91
0.02 0.34
0.02 0.04
0.02 600
0.06 0.23
0.03 0.14
0.02 0.03
0.02 600
0.02 600
0.00 600
0.02 600
0.02 600
0.02 600
0.01 600
0.10 2.70
0.02 0.04
0.01 0.03
0.02 600
0.01 0.02
0.02 0.24
0.02 600
0.02 600
0.02 0.03
0.03 600
0.02 600
0.02 600
0.02 0.28
0.01 0.22
0.04 600
0.03 600
0.02 0.24
0.02 600
0.02 600
0.02 0.23
0.02 600
0.02 600
0.02 600
0.02 0.04
0.02 600
0.01 0.04
0.02 0.04
0.02 0.30
0.02 0.30
0.02 0.15
0.02 0.04
0.02 0.28
0.02 0.16
0.02 0.04
0.03 0.04
0.03 600
0.02 600
0.02 0.06
0.02 3.07
0.02 6.28
0.02 3.57
0.02 3.67
0.00 0.04
0.02 0.02
0.02 0.02
0.02 0.02
0.02 0.02
0.02 0.00
0.02 0.02
0.01 0.02
0.02 0.02
0.02 0.02
0.02 0.02
0.03 0.08
0.02 0.02
0.02 0.01
0.01 0.02
0.02 0.02
0.02 0.02
0.02 0.01
0.02 0.01
0.02 0.02
0.01 0.01
0.02 0.02
0.02 0.02
0.01 0.00
0.01 0.02
0.01 0.01
0.01 0.01
0.01 0.02
0.02 0.02
0.02 0.02
600 600
0.01 0.03
3.29 0.16
0.01 0.02
0.01 0.01
0.19 45.53
1.27 32.04
0.00 600
0.12 0.06
600 600
600 600
600 600
0.01 0.02
0.01 0.03
0.00 0.02
0.00 0.01
0.00 0.01
0.00 0.00
0.01 0.02
0.01 0.04
0.01 0.11
0.00 0.01
600 600
0.02 42.51
0.01 0.00
600 600
0.00 0.10
0.05 600
0.01 0.06
0.01 0.00
600 1.12
0.01 0.01
1.29 0.54
0.03 600
0.00 0.07
0.01 600
1.66 600
0.01 0.10
0.01 0.11
0.01 0.34
0.00 0.01
0.01 0.00
0.01 0.01
0.01 0.01
0.01 0.01
0.04 0.04
0.05 0.05
0.01 0.03
600 600
0.01 0.07
8.59 600
3.41 600
2.64 1.63
34.79 600
8.91 2.90
2.76 2.60
2.98 0.13
1.35 0.10
1.95 600
0.08 9.87
8.79 600
8.27 600
7.01 600
0.06 29.26
0.30 35.22
0.05 5.34
0.05 5.00
0.27 35.39
0.46 46.29
600 600
1.37 600
1.33 35.05
9.24 600
9.18 600
600 600
1.39 600
1.41 600
8.59 600
1.40 1.21
1.35 600
8.08 600
1.32 34.75
1.34 31.30
1.42 0.97
600 600
6.40 600
600 600
600 600
600 600
0.15 1.30
600 600
600 600
600 600
6.22 7.15
0.05 3.09
600 600
600 600
600 600
0.02 0.07
600 600
600 600
600 600
600 600
600 600
0.01 0.23
600 600
0.01 0.02
600 600
0.20 0.96
0.28 0.85
600 600
0.02 0.02
0.28 0.28
2.22 1.84
600 600
0.08 0.09
0.02 0.02
0.09 0.29
600 600
600 600
0.02 0.01
600 600
0.01 0.02
600 600
600 600
600 600
0.17 0.24
600 600
600 600
600 600
600 600
600 600
600 600
600 600
600 600
0.02 0.04
600 600
600 600
600 600
600 600
33.20 600
32.38 600
600 600
600 600
600 600
0.07 3.30
3.08 5.28
0.70 5.17
0.05 0.01
0.00 0.01
7.00 9.05
0.00 0.01
600 600
600 600
600 600
