0.01 0.01
0.01 0.01
0.02 0.02
0.01 0.01
0.01 0.00
0.02 0.02
0.02 0.02
0.01 0.01
0.01 0.02
0.01 0.02
0.00 0.01
0.02 0.02
0.01 0.02
0.03 0.03
0.01 0.01
0.04 0.03
0.01 0.02
0.03 0.02
0.20 0.80
0.04 0.04
0.04 0.10
0.04 0.05
0.02 0.02
0.04 0.03
0.02 0.02
0.01 0.01
0.01 0.01
0.02 0.02
0.02 0.02
0.04 0.03
0.02 0.02
0.01 0.01
0.02 0.02
0.02 0.02
0.03 0.04
0.02 0.02
0.03 0.04
0.01 0.02
600 600
0.01 0.01
0.02 0.02
0.02 0.02
0.01 0.01
0.01 0.02
0.02 0.01
0.01 0.01
0.02 0.02
0.01 0.00
0.02 0.02
0.16 0.35
0.04 0.34
0.01 0.01
0.02 0.01
3.07 18.19
600 600
0.01 0.01
0.02 0.02
0.28 4.46
600 600
600 600
600 600
0.01 0.01
600 600
600 600
600 600
600 600
600 600
600 600
600 600
0.16 600
79.60 600
8.31 600
27.16 600
600 600
0.00 0.00
0.07 0.07
2.00 2.34
600 600
0.01 1.67
0.00 0.02
0.00 0.00
0.00 0.01
0.00 0.02
0.00 0.00
0.01 0.01
0.00 0.01
600 600
8.61 600
16.35 600
15.05 600
600 600
600 600
0.04 0.04
0.06 0.06
0.14 0.10
1.02 0.77
600 600
600 600
600 600
600 600
140.47 600
600 600
600 600
0.03 0.04
53.26 220.86
0.01 0.00
600 600
0.01 0.00
0.14 0.16
0.01 0.01
0.04 0.14
600 600
0.10 0.10
600 600
600 600
59.24 38.98
0.01 0.01
0.29 0.18
0.03 0.03
0.01 0.01
0.01 0.01
0.01 0.01
0.01 0.01
0.01 0.00
0.01 0.00
0.01 0.00
0.01 0.01
0.01 0.01
0.01 0.01
0.03 0.04
0.01 0.00
0.02 0.06
0.00 0.01
0.01 0.01
0.01 0.01
0.01 0.01
0.01 0.01
0.01 0.01
0.00 0.01
0.00 0.00
0.01 0.00
600 600
0.01 0.01
0.01 0.01
0.00 0.01
0.01 0.01
0.00 0.00
0.01 0.00
0.01 0.01
0.00 0.01
0.01 0.01
600 600
15.64 600
13.91 600
0.03 0.03
0.28 0.08
36.23 0.75
0.61 0.51
0.62 0.45
0.26 0.07
0.04 0.04
0.44 0.35
600 600
600 600
0.28 0.35
600 600
0.29 0.35
0.01 0.01
0.00 0.01
0.00 0.01
600 600
600 600
600 600
600 600
0.77 0.88
600 600
1.01 0.88
270.80 600
0.55 0.65
0.82 0.80
600 600
0.01 0.01
600 600
0.00 0.01
0.50 0.58
0.00 0.01
600 600
0.83 0.56
0.00 0.00
600 600
0.00 0.01
600 600
0.00 0.01
0.01 0.01
0.04 0.03
0.03 0.02
0.03 0.03
0.03 0.03
0.04 0.02
0.04 0.03
0.02 0.03
0.02 0.02
0.02 0.03
0.02 0.02
0.02 0.02
0.02 0.03
0.00 0.01
0.01 0.01
0.00 0.01
0.01 0.01
0.01 0.01
0.00 0.00
0.02 0.03
0.03 0.03
0.12 0.21
0.01 0.02
0.03 0.03
0.02 0.14
0.12 0.21
0.02 0.02
0.02 0.03
0.03 0.16
0.03 0.03
0.03 0.03
0.14 0.12
0.16 0.14
0.03 0.04
0.03 0.03
0.04 0.51
0.04 0.03
0.03 0.02
0.03 0.02
0.02 0.02
0.03 0.02
0.03 0.03
101.00 600
0.03 0.04
0.03 0.02
0.03 0.02
0.02 0.02
0.03 0.03
0.03 0.02
0.03 0.04
0.03 0.03
0.02 0.03
0.02 0.03
0.03 0.02
0.02 0.03
0.02 0.02
0.03 0.04
0.02 0.04
0.03 0.03
0.03 0.03
0.03 0.02
0.03 0.03
0.03 0.04
0.02 0.04
0.03 0.03
0.03 0.02
0.04 0.04
0.03 0.04
0.53 0.49
0.55 0.49
18.23 124.16
18.17 126.93
0.03 0.03
0.03 0.04
0.04 0.03
0.03 0.04
0.04 0.04
0.04 0.04
0.01 0.01
0.01 0.01
0.01 0.01
0.01 0.01
0.01 0.01
0.01 0.01
0.01 0.01
0.01 0.01
0.00 0.01
0.00 0.01
0.72 0.54
0.01 0.01
0.01 0.01
0.01 0.01
0.01 0.01
0.01 0.01
0.01 0.01
0.01 0.01
0.01 0.01
0.01 0.01
0.01 0.00
0.01 0.01
600 600
2.82 7.70
0.07 8.23
258.10 600
107.27 600
105.99 600
2.30 600
2.75 600
8.54 600
4.78 600
600 600
600 600
198.30 600
3.72 10.14
600 600
5.43 5.87
2.38 0.11
600 600
2.86 600
600 600
600 7.25
6.63 5.47
600 600
600 600
600 600
600 600
600 600
0.22 600
0.20 27.64
0.19 27.58
0.22 0.09
0.22 33.89
0.22 43.37
18.59 600
