.03200000000000000000 .04000000000000000000
.04800000000000000000 .05600000000000000000
.05600000000000000000 .06000000000000000000
.04400000000000000000 .05200000000000000000
.03200000000000000000 .03200000000000000000
.04400000000000000000 .06000000000000000000
.04800000000000000000 .05600000000000000000
.02800000000000000000 .03600000000000000000
.04000000000000000000 .06000000000000000000
.04800000000000000000 .05200000000000000000
.03600000000000000000 .03600000000000000000
.05200000000000000000 .06400000000000000000
.02800000000000000000 .03200000000000000000
.05600000000000000000 .06000000000000000000
.02800000000000000000 .04000000000000000000
.05200000000000000000 .05600000000000000000
.03600000000000000000 .04000000000000000000
.05200000000000000000 .06000000000000000000
.02800000000000000000 .04400000000000000000
.06800000000000000000 .06800000000000000000
.03600000000000000000 .04000000000000000000
.06400000000000000000 .06400000000000000000
.04000000000000000000 .05600000000000000000
.06000000000000000000 .06000000000000000000
.05200000000000000000 .06000000000000000000
.03600000000000000000 .03600000000000000000
.05200000000000000000 .06000000000000000000
.05600000000000000000 .05600000000000000000
.04400000000000000000 .05600000000000000000
.05600000000000000000 .05200000000000000000
.06000000000000000000 .05600000000000000000
.04000000000000000000 .05600000000000000000
.05200000000000000000 .07600000000000000000
.08400000000000000000 .08000000000000000000
.07200000000000000000 .08000000000000000000
.04800000000000000000 .06400000000000000000
.09200000000000000000 .12000000000000000000
.03200000000000000000 .04000000000000000000
600 600
.02800000000000000000 .03600000000000000000
.04800000000000000000 .04400000000000000000
.04000000000000000000 .05200000000000000000
.03600000000000000000 .04000000000000000000
.05200000000000000000 .06000000000000000000
.05200000000000000000 .06000000000000000000
.02800000000000000000 .03600000000000000000
.05200000000000000000 .05200000000000000000
.06000000000000000000 .04800000000000000000
.10000000000000000000 .06000000000000000000
.10000000000000000000 .04800000000000000000
.16400000000000000000 .10800000000000000000
.03200000000000000000 .03600000000000000000
.04800000000000000000 .06400000000000000000
.28400000000000000000 .05600000000000000000
600 600
.03200000000000000000 .04800000000000000000
.04800000000000000000 .06800000000000000000
.04800000000000000000 .06000000000000000000
600 600
600 600
600 600
.00400000000000000000 .00400000000000000000
600 600
600 600
600 600
600 600
600 600
600 600
600 600
2.56800000000000000000 26.91800000000000000000
272.88100000000000000000 58.70800000000000000000
16.63700000000000000000 600
1.63600000000000000000 600
600 600
.12800000000000000000 .45600000000000000000
600 600
.04400000000000000000 .26000000000000000000
600 600
.01200000000000000000 .01600000000000000000
.00800000000000000000 .00400000000000000000
.00800000000000000000 .01200000000000000000
.02000000000000000000 600
.01200000000000000000 .00800000000000000000
.00400000000000000000 0
600 600
.05600000000000000000 .06000000000000000000
.19600000000000000000 .44800000000000000000
.17600000000000000000 .16800000000000000000
.17600000000000000000 .16800000000000000000
.17600000000000000000 .17200000000000000000
.15600000000000000000 .16400000000000000000
.15200000000000000000 .16000000000000000000
.13600000000000000000 .13200000000000000000
.13200000000000000000 .12800000000000000000
.14000000000000000000 .21600000000000000000
.13200000000000000000 .16800000000000000000
.15600000000000000000 .15200000000000000000
600 .33200000000000000000
.31200000000000000000 .38000000000000000000
.31600000000000000000 .35200000000000000000
.13600000000000000000 .15600000000000000000
.20000000000000000000 600
600 .21200000000000000000
.18800000000000000000 600
.12800000000000000000 .12400000000000000000
600 600
600 .25600000000000000000
.05600000000000000000 .06000000000000000000
.17200000000000000000 .12400000000000000000
.05600000000000000000 .06000000000000000000
.16800000000000000000 .12000000000000000000
600 .30800000000000000000
.14800000000000000000 .10800000000000000000
600 600
600 600
.18800000000000000000 .13200000000000000000
.06000000000000000000 .06000000000000000000
.35600000000000000000 600
.14000000000000000000 .10800000000000000000
.06000000000000000000 .04800000000000000000
.05200000000000000000 .04800000000000000000
.05600000000000000000 .05200000000000000000
600 600
.05600000000000000000 .05600000000000000000
600 600
600 600
.11600000000000000000 .11200000000000000000
.12400000000000000000 .11600000000000000000
600 600
.11600000000000000000 .11600000000000000000
.05200000000000000000 .06000000000000000000
.11200000000000000000 .10000000000000000000
600 600
600 600
600 600
600 600
600 600
600 600
600 600
.05200000000000000000 .05600000000000000000
.06000000000000000000 .05600000000000000000
600 .23600000000000000000
600 600
600 600
600 600
600 600
600 600
600 600
.05600000000000000000 .06000000000000000000
.05600000000000000000 .05600000000000000000
.05600000000000000000 .05200000000000000000
.52800000000000000000 .44000000000000000000
1.76000000000000000000 .28800000000000000000
1.86400000000000000000 .29200000000000000000
.15600000000000000000 600
.18000000000000000000 .16000000000000000000
.18800000000000000000 .17200000000000000000
.14000000000000000000 .14000000000000000000
.14800000000000000000 .14000000000000000000
.15200000000000000000 .16000000000000000000
.20400000000000000000 .15600000000000000000
.14000000000000000000 .12400000000000000000
600 600
600 .34800000000000000000
.16000000000000000000 .13200000000000000000
1.84400000000000000000 .28800000000000000000
.16000000000000000000 .13600000000000000000
.06400000000000000000 .05600000000000000000
.05200000000000000000 .04800000000000000000
.05600000000000000000 .05600000000000000000
600 .20000000000000000000
.17200000000000000000 .16400000000000000000
600 .78000000000000000000
.20000000000000000000 .27600000000000000000
.16400000000000000000 .18000000000000000000
600 .51200000000000000000
.57200000000000000000 .16400000000000000000
.16400000000000000000 .15600000000000000000
.14400000000000000000 .13600000000000000000
.14400000000000000000 .14800000000000000000
600 1.02400000000000000000
.06000000000000000000 .04800000000000000000
600 .24000000000000000000
.06000000000000000000 .05600000000000000000
.14400000000000000000 .13200000000000000000
.05600000000000000000 .06000000000000000000
600 .36000000000000000000
.38400000000000000000 .34800000000000000000
600 600
600 600
.06000000000000000000 .06400000000000000000
600 600
.05600000000000000000 .06000000000000000000
.06000000000000000000 .05200000000000000000
.16000000000000000000 .11200000000000000000
.16400000000000000000 .11600000000000000000
.15200000000000000000 .10800000000000000000
.14800000000000000000 .11600000000000000000
.16000000000000000000 .12000000000000000000
.14800000000000000000 .11600000000000000000
.12000000000000000000 .10800000000000000000
.12000000000000000000 .12000000000000000000
.12400000000000000000 .10800000000000000000
.11200000000000000000 .11200000000000000000
.12400000000000000000 .11200000000000000000
.11600000000000000000 .11200000000000000000
.12000000000000000000 .10400000000000000000
.10400000000000000000 .10000000000000000000
.10800000000000000000 .09600000000000000000
.10800000000000000000 .10800000000000000000
.10000000000000000000 .10400000000000000000
.10800000000000000000 .10000000000000000000
.14400000000000000000 .11200000000000000000
.13200000000000000000 .12000000000000000000
.12000000000000000000 .16000000000000000000
.06400000000000000000 .06800000000000000000
.11200000000000000000 .11200000000000000000
.35600000000000000000 .30000000000000000000
.14400000000000000000 .16800000000000000000
.06800000000000000000 .07200000000000000000
.12800000000000000000 .12400000000000000000
.49200000000000000000 .36400000000000000000
.17200000000000000000 .12000000000000000000
.16800000000000000000 .11600000000000000000
.17600000000000000000 600
.18800000000000000000 600
.15200000000000000000 600
.12000000000000000000 .11600000000000000000
.12800000000000000000 .15600000000000000000
.12000000000000000000 .12000000000000000000
.12000000000000000000 .12000000000000000000
.13200000000000000000 .12000000000000000000
.12800000000000000000 .12400000000000000000
.12800000000000000000 .11600000000000000000
.11600000000000000000 .12000000000000000000
.12000000000000000000 .12800000000000000000
.12800000000000000000 .11600000000000000000
.12400000000000000000 .11200000000000000000
.12000000000000000000 .11600000000000000000
.11200000000000000000 .11600000000000000000
.11600000000000000000 .11600000000000000000
.12800000000000000000 .10400000000000000000
.18800000000000000000 600
.18000000000000000000 .11200000000000000000
.12000000000000000000 .12000000000000000000
.12000000000000000000 .10800000000000000000
.11600000000000000000 .10800000000000000000
.12000000000000000000 .11200000000000000000
.11600000000000000000 .11600000000000000000
.17200000000000000000 600
.20800000000000000000 600
.15600000000000000000 .11600000000000000000
.15200000000000000000 600
.13200000000000000000 .11600000000000000000
.12400000000000000000 .11600000000000000000
.11600000000000000000 .12400000000000000000
.12400000000000000000 .12800000000000000000
.13200000000000000000 .12000000000000000000
.12400000000000000000 .12400000000000000000
.12400000000000000000 .11600000000000000000
.12800000000000000000 .12400000000000000000
.12000000000000000000 .12400000000000000000
.12000000000000000000 .12000000000000000000
.19200000000000000000 .12800000000000000000
.20400000000000000000 .16000000000000000000
.11600000000000000000 .12400000000000000000
.12400000000000000000 .11600000000000000000
.12000000000000000000 .11200000000000000000
.12800000000000000000 .12000000000000000000
.11600000000000000000 .12400000000000000000
.13200000000000000000 .11600000000000000000
.12000000000000000000 .10800000000000000000
.12400000000000000000 .12000000000000000000
.12000000000000000000 .10800000000000000000
.13200000000000000000 .11600000000000000000
.12000000000000000000 .12000000000000000000
.12400000000000000000 .12400000000000000000
.12400000000000000000 .12000000000000000000
.12400000000000000000 .10800000000000000000
.12400000000000000000 .10800000000000000000
.11600000000000000000 .11200000000000000000
.14000000000000000000 .12800000000000000000
.12400000000000000000 .11200000000000000000
.13200000000000000000 .12800000000000000000
.12400000000000000000 .12000000000000000000
.12800000000000000000 .12000000000000000000
.11200000000000000000 .12000000000000000000
.11600000000000000000 .11600000000000000000
.12800000000000000000 .11600000000000000000
.12000000000000000000 .10800000000000000000
.11200000000000000000 .12000000000000000000
.11200000000000000000 .11600000000000000000
.11200000000000000000 .11200000000000000000
600 600
.14400000000000000000 .11600000000000000000
.15200000000000000000 .11600000000000000000
.10400000000000000000 .10800000000000000000
.14800000000000000000 .11600000000000000000
.13600000000000000000 .11200000000000000000
.16000000000000000000 .12000000000000000000
.15200000000000000000 .11200000000000000000
.13600000000000000000 .11200000000000000000
.15600000000000000000 .17600000000000000000
600 600
600 600
.88800000000000000000 .17600000000000000000
.07600000000000000000 .08800000000000000000
.32800000000000000000 .40800000000000000000
.10000000000000000000 .09200000000000000000
.08000000000000000000 .08000000000000000000
7.65600000000000000000 7.68000000000000000000
8.30900000000000000000 600
600 600
.13200000000000000000 .22400000000000000000
.06800000000000000000 .18000000000000000000
600 600
600 600
600 600
.06800000000000000000 .07600000000000000000
600 600
.27200000000000000000 .47600000000000000000
.19200000000000000000 .31600000000000000000
.17200000000000000000 .32400000000000000000
.28000000000000000000 1.79200000000000000000
.16400000000000000000 1.92400000000000000000
.17200000000000000000 1.93600000000000000000
10.68100000000000000000 9.27700000000000000000
