0.01 0.65
0.46 0.61
0.00 0.04
2.26 2.40
0.00 0.06
0.02 0.03
0.10 8.24
6.30 8.69
0.01 0.01
0.00 0.01
0.00 0.01
0.00 0.01
1.28 0.04
0.02 0.02
0.02 0.02
0.01 0.01
0.00 0.01
0.00 0.00
0.00 0.01
0.00 0.00
0.00 0.01
1.23 0.01
0.00 0.00
0.01 0.01
0.00 0.00
1.26 0.00
0.00 0.01
0.01 0.02
0.04 0.04
0.01 0.01
0.76 5.72
0.26 13.33
3.54 5.78
0.02 0.01
600 19.60
600 600
4.51 3.68
0.01 0.02
600 600
600 600
3.37 3.01
5.48 0.17
600 600
600 15.89
600 11.84
0.11 0.17
0.15 0.77
0.12 0.07
26.36 6.07
0.03 0.13
600 8.72
0.05 1.74
5.98 9.09
3.70 3.33
0.94 3.28
600 600
13.58 600
46.46 600
600 600
0.01 0.18
0.11 0.24
0.32 0.55
0.16 1.69
43.33 10.00
0.03 0.08
45.37 600
45.35 600
0.12 1.46
11.02 600
0.00 0.01
600 12.83
600 600
600 600
600 600
600 600
600 600
600 600
600 600
600 600
0.08 0.02
0.00 0.00
600 600
0.01 0.02
0.02 1.02
0.13 5.90
15.37 22.17
4.07 600
15.56 600
15.12 600
600 600
600 600
0.33 9.75
0.14 10.10
600 600
0.05 1.45
0.50 49.04
600 600
600 600
0.12 0.94
0.07 12.89
0.20 8.45
0.00 0.01
0.14 0.04
600 600
600 600
600 600
600 600
600 600
0.86 0.53
0.00 0.01
0.01 47.23
0.00 0.02
0.00 0.01
0.01 0.01
0.23 0.08
0.01 0.01
0.00 0.01
