.01600000000000000000 .00800000000000000000
.02400000000000000000 .02400000000000000000
.02400000000000000000 .02000000000000000000
.01600000000000000000 .02000000000000000000
.01200000000000000000 .01600000000000000000
.01600000000000000000 .02400000000000000000
.02400000000000000000 .02400000000000000000
.01600000000000000000 .01200000000000000000
.02400000000000000000 .02000000000000000000
.02400000000000000000 .02000000000000000000
.01600000000000000000 .02000000000000000000
.02400000000000000000 .02400000000000000000
.02000000000000000000 .01600000000000000000
.01600000000000000000 .02400000000000000000
.01600000000000000000 .01600000000000000000
.02000000000000000000 .02000000000000000000
.01600000000000000000 .01600000000000000000
.02000000000000000000 .02400000000000000000
.01200000000000000000 .01200000000000000000
.02000000000000000000 .02400000000000000000
.02000000000000000000 .02000000000000000000
.02400000000000000000 .01600000000000000000
.01200000000000000000 .02000000000000000000
.02000000000000000000 .02400000000000000000
.01200000000000000000 .02000000000000000000
.01600000000000000000 .01200000000000000000
.01200000000000000000 .02000000000000000000
.02000000000000000000 .02400000000000000000
.02000000000000000000 .01200000000000000000
.02000000000000000000 .02400000000000000000
.02000000000000000000 .02400000000000000000
.01200000000000000000 .01600000000000000000
.02000000000000000000 .02400000000000000000
.02000000000000000000 .02000000000000000000
1.92800000000000000000 600
.01600000000000000000 .01200000000000000000
.32000000000000000000 .02000000000000000000
.02000000000000000000 .01600000000000000000
600 600
.02000000000000000000 .01200000000000000000
.02000000000000000000 .02000000000000000000
.02000000000000000000 .02400000000000000000
.02000000000000000000 .01600000000000000000
.02400000000000000000 .02400000000000000000
.02000000000000000000 .02400000000000000000
.02000000000000000000 .02000000000000000000
.02400000000000000000 .02400000000000000000
.01200000000000000000 .01600000000000000000
.02000000000000000000 .02000000000000000000
.01600000000000000000 .02000000000000000000
.02400000000000000000 .03200000000000000000
.01600000000000000000 .02000000000000000000
.02000000000000000000 .02400000000000000000
.02800000000000000000 .01600000000000000000
600 600
.02000000000000000000 .01200000000000000000
.02400000000000000000 .02400000000000000000
.04800000000000000000 .02000000000000000000
600 600
600 600
600 600
.01600000000000000000 .01200000000000000000
600 600
600 600
600 600
600 600
600 600
600 600
600 600
600 .02400000000000000000
600 .18800000000000000000
600 .23200000000000000000
600 .47200000000000000000
600 .86800000000000000000
.02400000000000000000 .03200000000000000000
.08400000000000000000 .09600000000000000000
600 600
600 600
.01200000000000000000 .01200000000000000000
.01200000000000000000 .01200000000000000000
.01200000000000000000 .01200000000000000000
.01200000000000000000 600
.01200000000000000000 .00800000000000000000
.01200000000000000000 .00800000000000000000
600 600
.01200000000000000000 .01200000000000000000
.23600000000000000000 .14000000000000000000
.23600000000000000000 .08400000000000000000
.32400000000000000000 .08400000000000000000
.23200000000000000000 .09200000000000000000
.22400000000000000000 .07600000000000000000
600 .10400000000000000000
.08800000000000000000 .08400000000000000000
.08800000000000000000 .08400000000000000000
.10000000000000000000 .08000000000000000000
600 .08000000000000000000
.22800000000000000000 .08800000000000000000
600 .12400000000000000000
.63600000000000000000 .13200000000000000000
600 .13600000000000000000
.17200000000000000000 .08800000000000000000
.17200000000000000000 600
600 .10000000000000000000
.03600000000000000000 600
.10000000000000000000 .08400000000000000000
600 600
600 .10000000000000000000
.00800000000000000000 .00800000000000000000
.03600000000000000000 .08000000000000000000
.01200000000000000000 .00800000000000000000
.02800000000000000000 .07600000000000000000
600 .11200000000000000000
.03200000000000000000 .06000000000000000000
600 600
600 600
.08800000000000000000 .08400000000000000000
.00800000000000000000 .01200000000000000000
.05200000000000000000 600
.03200000000000000000 .07200000000000000000
.01200000000000000000 .01200000000000000000
.01200000000000000000 .01200000000000000000
.01200000000000000000 .01200000000000000000
600 600
.00800000000000000000 .01200000000000000000
600 600
600 600
.03200000000000000000 .07600000000000000000
.03200000000000000000 .07600000000000000000
600 600
.03200000000000000000 .08000000000000000000
.00800000000000000000 .00800000000000000000
.02000000000000000000 .07600000000000000000
600 600
600 600
600 600
600 600
600 600
600 600
600 600
.01600000000000000000 .01600000000000000000
.00800000000000000000 .01600000000000000000
600 .08800000000000000000
600 600
600 600
600 600
600 600
600 600
600 600
.01600000000000000000 .01200000000000000000
.01200000000000000000 .00800000000000000000
.00800000000000000000 .01200000000000000000
600 .06800000000000000000
600 .06400000000000000000
600 .08000000000000000000
.03200000000000000000 600
.12000000000000000000 .09200000000000000000
.09600000000000000000 .08800000000000000000
.04000000000000000000 .07600000000000000000
.03600000000000000000 .08000000000000000000
.10000000000000000000 .08000000000000000000
.05200000000000000000 .08400000000000000000
.03600000000000000000 .08000000000000000000
600 .26400000000000000000
600 .09600000000000000000
600 .07600000000000000000
600 .07200000000000000000
600 .08000000000000000000
.01600000000000000000 .00800000000000000000
.01200000000000000000 .01200000000000000000
.00400000000000000000 .01200000000000000000
600 .09200000000000000000
.17600000000000000000 .10400000000000000000
600 .12000000000000000000
.12400000000000000000 .08000000000000000000
.11600000000000000000 .08800000000000000000
600 .10400000000000000000
.08000000000000000000 .08800000000000000000
.25200000000000000000 .09200000000000000000
.07600000000000000000 .08000000000000000000
.08800000000000000000 .07600000000000000000
600 .14000000000000000000
.00800000000000000000 .00800000000000000000
600 .09200000000000000000
.01200000000000000000 .01200000000000000000
.05200000000000000000 .08000000000000000000
.00800000000000000000 .01200000000000000000
600 .08800000000000000000
.11600000000000000000 .12000000000000000000
600 600
600 600
.01600000000000000000 .00800000000000000000
600 600
.02000000000000000000 .02000000000000000000
.01600000000000000000 .02000000000000000000
.03200000000000000000 .06800000000000000000
.02800000000000000000 .06800000000000000000
.02800000000000000000 .07600000000000000000
.03200000000000000000 .07200000000000000000
.02400000000000000000 .06800000000000000000
.03200000000000000000 .07600000000000000000
.03200000000000000000 .07200000000000000000
.02800000000000000000 .08000000000000000000
.03200000000000000000 .07600000000000000000
.03200000000000000000 .07200000000000000000
.02800000000000000000 .08000000000000000000
.02800000000000000000 .07200000000000000000
.02400000000000000000 .07200000000000000000
.02400000000000000000 .07200000000000000000
.02000000000000000000 .07200000000000000000
.02400000000000000000 .06800000000000000000
.02800000000000000000 .07600000000000000000
.02400000000000000000 .06800000000000000000
.02400000000000000000 .07200000000000000000
.03200000000000000000 .07200000000000000000
.02800000000000000000 .08000000000000000000
.02000000000000000000 .06400000000000000000
.02800000000000000000 .07200000000000000000
.03600000000000000000 .07600000000000000000
.02400000000000000000 .07200000000000000000
.02400000000000000000 .07600000000000000000
.03200000000000000000 .07600000000000000000
.03200000000000000000 .07600000000000000000
.03200000000000000000 .07600000000000000000
.02800000000000000000 .07600000000000000000
.02800000000000000000 600
.03600000000000000000 600
.02400000000000000000 600
.03200000000000000000 .07600000000000000000
.03200000000000000000 .07200000000000000000
.03200000000000000000 .07600000000000000000
.03200000000000000000 .08000000000000000000
.02400000000000000000 .07600000000000000000
.03200000000000000000 .06400000000000000000
.03200000000000000000 .08000000000000000000
.03600000000000000000 .07200000000000000000
.03200000000000000000 .07200000000000000000
.02800000000000000000 .07200000000000000000
.03200000000000000000 .07600000000000000000
.02400000000000000000 .07600000000000000000
.02400000000000000000 .08000000000000000000
.02800000000000000000 .05200000000000000000
.02800000000000000000 .06800000000000000000
.03600000000000000000 600
.03200000000000000000 .08000000000000000000
.02400000000000000000 .08000000000000000000
.02800000000000000000 .07600000000000000000
.02400000000000000000 .07600000000000000000
.03200000000000000000 .07600000000000000000
.02800000000000000000 .08000000000000000000
.03600000000000000000 600
.03200000000000000000 600
.02400000000000000000 .07200000000000000000
.02800000000000000000 600
.02800000000000000000 .07600000000000000000
.03200000000000000000 .08000000000000000000
.02800000000000000000 .08000000000000000000
.02800000000000000000 .08000000000000000000
.03200000000000000000 .08000000000000000000
.02800000000000000000 .08000000000000000000
.31200000000000000000 .08000000000000000000
.03200000000000000000 .07200000000000000000
.03200000000000000000 .07200000000000000000
.02800000000000000000 .07600000000000000000
.04000000000000000000 .07200000000000000000
.02400000000000000000 .08000000000000000000
.09200000000000000000 .08000000000000000000
.26000000000000000000 .08000000000000000000
.02800000000000000000 .07600000000000000000
.24800000000000000000 .08400000000000000000
.25200000000000000000 .08400000000000000000
.02400000000000000000 .07200000000000000000
.02800000000000000000 .07600000000000000000
.02800000000000000000 .08000000000000000000
.02800000000000000000 .06800000000000000000
.02400000000000000000 .08000000000000000000
.02400000000000000000 .08000000000000000000
.03200000000000000000 .07200000000000000000
.02800000000000000000 .08000000000000000000
.03200000000000000000 .07600000000000000000
.03200000000000000000 .07200000000000000000
.02400000000000000000 .07200000000000000000
.02800000000000000000 .08000000000000000000
.03200000000000000000 .07200000000000000000
.02800000000000000000 .07600000000000000000
.02400000000000000000 .07600000000000000000
.02400000000000000000 .07200000000000000000
.03200000000000000000 .08000000000000000000
.03200000000000000000 .08000000000000000000
.02800000000000000000 .06800000000000000000
.02800000000000000000 .08000000000000000000
.03200000000000000000 .06800000000000000000
.03200000000000000000 .07600000000000000000
.03200000000000000000 .07200000000000000000
600 .12400000000000000000
600 .19600000000000000000
600 .26800000000000000000
600 1.31600000000000000000
600 3.49200000000000000000
600 3.18000000000000000000
600 .19200000000000000000
600 .32800000000000000000
600 4.22800000000000000000
600 .27200000000000000000
600 4.47600000000000000000
600 2.54000000000000000000
600 .03600000000000000000
.02000000000000000000 .02400000000000000000
600 3.84800000000000000000
.01600000000000000000 .02800000000000000000
.02000000000000000000 .03200000000000000000
600 .92400000000000000000
600 4.30000000000000000000
600 10.36900000000000000000
600 .21200000000000000000
600 .08000000000000000000
600 14.63700000000000000000
600 12.99700000000000000000
34.81800000000000000000 4.21200000000000000000
600 .60400000000000000000
600 4.58000000000000000000
.02000000000000000000 .04400000000000000000
.02400000000000000000 .04400000000000000000
.02400000000000000000 .04000000000000000000
.02400000000000000000 .04800000000000000000
.02400000000000000000 .04400000000000000000
.02400000000000000000 .03600000000000000000
600 31.51400000000000000000
600 .01200000000000000000
