0.01 0.01
0.01 0.01
0.01 0.00
0.01 0.00
0.04 0.04
0.06 0.08
0.12 3.43
0.04 0.31
0.00 0.00
0.00 0.00
0.00 0.00
0.00 0.00
0.02 0.16
0.01 1.05
0.02 0.20
0.00 0.01
0.00 0.00
0.00 0.00
0.00 0.00
0.00 0.00
0.00 0.00
0.00 0.01
0.00 0.00
0.00 0.00
0.00 0.00
0.00 0.00
0.00 0.00
0.06 2.54
0.00 1.49
0.01 0.01
1.58 600
2.73 600
5.02 600
0.01 0.00
20.74 600
600 600
600 600
0.01 0.01
600 600
600 600
0.11 2.63
0.04 0.20
45.53 600
5.87 600
9.55 600
0.02 0.09
0.02 0.22
0.38 1.44
5.77 600
0.01 0.31
13.00 600
0.03 0.12
112.58 600
0.08 2.65
0.01 0.33
121.67 600
600 600
30.00 600
600 600
0.01 0.24
0.02 0.14
0.02 0.18
0.42 600
13.74 600
0.01 0.10
151.54 600
151.72 600
0.03 144.95
31.54 600
0.00 0.00
33.83 600
138.58 600
600 600
600 600
600 600
600 600
600 600
600 600
42.63 600
0.00 0.06
0.00 0.02
600 600
0.00 0.19
0.01 92.70
0.01 96.87
0.01 600
0.02 600
0.02 600
0.02 600
600 600
265.13 600
0.78 600
0.24 600
600 600
0.01 600
0.02 600
600 600
600 600
0.02 600
0.02 600
0.01 600
0.01 0.01
0.01 0.50
600 600
600 600
600 600
600 600
190.94 600
31.16 1.93
0.00 0.00
0.03 0.02
0.02 0.02
0.00 0.00
0.00 0.00
0.01 0.02
0.00 0.00
0.00 0.00
