600 600
600 600
600 600
600 600
600 600
600 600
600 600
.44800000000000000000 600
600 600
600 600
600 600
600 .04800000000000000000
600 .04000000000000000000
.06000000000000000000 .09200000000000000000
.04400000000000000000 .03600000000000000000
.05200000000000000000 .04800000000000000000
.05600000000000000000 .04800000000000000000
.10000000000000000000 .12000000000000000000
.14400000000000000000 .07200000000000000000
600 600
600 600
600 600
.02800000000000000000 .02400000000000000000
.04000000000000000000 .02800000000000000000
.04400000000000000000 .04000000000000000000
.03200000000000000000 .03600000000000000000
.02800000000000000000 .02800000000000000000
.04400000000000000000 .03600000000000000000
.03600000000000000000 .03600000000000000000
.03200000000000000000 .02800000000000000000
.04000000000000000000 .03200000000000000000
.04000000000000000000 .04000000000000000000
.03200000000000000000 600
.03600000000000000000 .04000000000000000000
.02800000000000000000 600
.03200000000000000000 .03600000000000000000
.03200000000000000000 600
.04000000000000000000 600
.03600000000000000000 600
.03600000000000000000 600
.02800000000000000000 600
.03600000000000000000 600
.03200000000000000000 600
.04400000000000000000 600
.03200000000000000000 600
.04400000000000000000 .02800000000000000000
.04400000000000000000 .03600000000000000000
.02800000000000000000 600
.03600000000000000000 .03600000000000000000
.04000000000000000000 .03200000000000000000
.02800000000000000000 600
.04400000000000000000 .04000000000000000000
.04400000000000000000 .03200000000000000000
.03200000000000000000 600
.04800000000000000000 600
.03600000000000000000 600
.04800000000000000000 600
.02800000000000000000 600
.04000000000000000000 600
.03600000000000000000 .03200000000000000000
600 600
.03200000000000000000 .02400000000000000000
.04000000000000000000 .04400000000000000000
.04000000000000000000 .04000000000000000000
.01600000000000000000 .02400000000000000000
.04400000000000000000 .03600000000000000000
.03200000000000000000 .04000000000000000000
.03600000000000000000 .03200000000000000000
.03200000000000000000 .04400000000000000000
.03200000000000000000 600
.03600000000000000000 27.19400000000000000000
.03600000000000000000 600
.04800000000000000000 600
.02800000000000000000 600
.03200000000000000000 .04400000000000000000
.03200000000000000000 600
600 600
.02800000000000000000 600
.02800000000000000000 .02800000000000000000
.04800000000000000000 600
600 600
600 600
600 1.67200000000000000000
600 600
600 600
600 600
600 600
600 600
600 600
600 600
.02800000000000000000 600
600 600
600 600
600 600
600 600
600 600
600 600
600 600
600 600
600 600
600 600
.00400000000000000000 .01600000000000000000
600 .01600000000000000000
600 600
600 600
600 600
600 600
600 .01600000000000000000
600 .01600000000000000000
.02000000000000000000 .01200000000000000000
600 600
600 600
600 600
600 600
600 600
.00800000000000000000 .02000000000000000000
.01600000000000000000 .02000000000000000000
.01600000000000000000 .01600000000000000000
600 .70400000000000000000
.02400000000000000000 .01200000000000000000
600 600
600 600
600 600
600 600
600 600
.03200000000000000000 .02000000000000000000
.22800000000000000000 .22800000000000000000
600 600
600 600
600 600
.12800000000000000000 .13200000000000000000
.11200000000000000000 .12000000000000000000
.11600000000000000000 .13600000000000000000
.11600000000000000000 .14800000000000000000
.11200000000000000000 .13200000000000000000
.10000000000000000000 .10400000000000000000
.11600000000000000000 .12000000000000000000
.03200000000000000000 .04000000000000000000
.09600000000000000000 600
.10800000000000000000 600
.10800000000000000000 600
.10400000000000000000 600
.10000000000000000000 .11200000000000000000
600 600
.10800000000000000000 600
600 600
.09600000000000000000 .10000000000000000000
.44400000000000000000 .13600000000000000000
600 600
.10800000000000000000 600
.10400000000000000000 600
600 600
600 600
.11200000000000000000 .11600000000000000000
.11200000000000000000 .11200000000000000000
.11200000000000000000 .10800000000000000000
.10800000000000000000 .12800000000000000000
.10800000000000000000 .11600000000000000000
.10400000000000000000 600
.12000000000000000000 .11200000000000000000
.11600000000000000000 .10800000000000000000
.11200000000000000000 .12800000000000000000
.11200000000000000000 .12400000000000000000
.09200000000000000000 .09600000000000000000
.11600000000000000000 .12800000000000000000
.09600000000000000000 .12400000000000000000
.11200000000000000000 .12000000000000000000
.12400000000000000000 .12400000000000000000
.10800000000000000000 .12400000000000000000
.10400000000000000000 .12000000000000000000
.12000000000000000000 .10800000000000000000
.10400000000000000000 600
600 600
600 600
.12400000000000000000 .10800000000000000000
600 600
.10400000000000000000 .10000000000000000000
.10800000000000000000 .11200000000000000000
.11200000000000000000 .10400000000000000000
.10800000000000000000 .10000000000000000000
.10400000000000000000 .10800000000000000000
.12400000000000000000 .11600000000000000000
.12800000000000000000 .10800000000000000000
.13200000000000000000 .11200000000000000000
.12800000000000000000 .12400000000000000000
.14000000000000000000 .12400000000000000000
.12000000000000000000 .12400000000000000000
.13600000000000000000 .13200000000000000000
.00800000000000000000 .15600000000000000000
.01600000000000000000 .02400000000000000000
.03600000000000000000 19.39300000000000000000
600 600
600 600
600 600
600 600
600 600
600 600
600 600
600 600
.02000000000000000000 600
.02000000000000000000 .02000000000000000000
.01600000000000000000 600
600 600
600 107.76700000000000000000
.00800000000000000000 600
.03600000000000000000 600
.02400000000000000000 1.36400000000000000000
.02400000000000000000 600
106.27900000000000000000 600
600 600
.01600000000000000000 600
.01200000000000000000 .03200000000000000000
600 600
600 600
.02000000000000000000 .02000000000000000000
600 600
.02800000000000000000 .02000000000000000000
.10400000000000000000 .02800000000000000000
.02800000000000000000 1.81200000000000000000
600 11.26900000000000000000
2.69600000000000000000 600
.02400000000000000000 40.78700000000000000000
56.03200000000000000000 135.98800000000000000000
.03200000000000000000 2.40800000000000000000
600 600
.02000000000000000000 600
600 600
.02800000000000000000 .02800000000000000000
600 600
.02000000000000000000 .02400000000000000000
.02400000000000000000 .02400000000000000000
.02800000000000000000 .02800000000000000000
.03200000000000000000 600
.03600000000000000000 .03600000000000000000
600 600
.02800000000000000000 .03200000000000000000
600 600
.03200000000000000000 600
.02800000000000000000 .02400000000000000000
.02800000000000000000 .03200000000000000000
.03600000000000000000 600
600 600
600 3.22800000000000000000
600 600
.19600000000000000000 .02000000000000000000
600 600
.16000000000000000000 .01600000000000000000
600 600
.04000000000000000000 .03200000000000000000
600 600
.04800000000000000000 44.31100000000000000000
.04000000000000000000 .03200000000000000000
600 600
600 600
600 600
.10000000000000000000 .08000000000000000000
600 600
.07200000000000000000 600
600 600
5.64000000000000000000 600
600 600
600 600
600 600
600 600
600 600
21.63700000000000000000 600
600 600
.31200000000000000000 .12800000000000000000
600 600
600 600
600 600
600 600
.07200000000000000000 600
600 600
600 600
.05600000000000000000 600
600 600
.07200000000000000000 600
.08000000000000000000 600
.07200000000000000000 600
600 600
600 600
600 600
.08000000000000000000 600
600 600
600 600
600 600
600 600
.09600000000000000000 600
600 600
.23600000000000000000 600
600 600
600 600
600 600
600 600
600 600
.09200000000000000000 .09200000000000000000
600 600
.09600000000000000000 .11200000000000000000
181.15100000000000000000 5.20800000000000000000
.13200000000000000000 .11600000000000000000
600 600
.10000000000000000000 .13200000000000000000
600 600
.12800000000000000000 .13200000000000000000
.45200000000000000000 600
600 600
600 600
600 600
.10800000000000000000 .14000000000000000000
600 600
600 600
600 600
600 600
600 600
600 600
600 600
600 600
600 600
600 600
600 600
600 600
600 600
600 600
600 600
600 600
.13600000000000000000 .15600000000000000000
.14000000000000000000 600
600 600
600 600
600 600
.89200000000000000000 .36000000000000000000
600 600
600 600
.30000000000000000000 .24000000000000000000
600 600
600 600
.15200000000000000000 .14400000000000000000
600 600
600 600
600 600
.16400000000000000000 .15200000000000000000
600 600
.01600000000000000000 .03600000000000000000
600 600
.01200000000000000000 .01200000000000000000
.16800000000000000000 .25600000000000000000
600 600
600 600
600 600
.64800000000000000000 .31600000000000000000
.01600000000000000000 .02000000000000000000
43.95100000000000000000 600
24.27400000000000000000 600
33.02600000000000000000 600
600 600
600 600
600 600
.17200000000000000000 .15600000000000000000
600 600
600 600
600 600
600 600
600 600
600 600
600 600
600 600
600 600
600 600
600 600
600 600
600 600
600 600
.43600000000000000000 .41600000000000000000
600 600
.45200000000000000000 .43200000000000000000
600 600
.43600000000000000000 600
.42400000000000000000 .41600000000000000000
600 600
600 600
600 600
600 600
600 600
600 600
600 600
600 600
600 600
.54000000000000000000 .50800000000000000000
.75600000000000000000 .59600000000000000000
.76000000000000000000 .62400000000000000000
.50400000000000000000 .50800000000000000000
.57200000000000000000 .65200000000000000000
.52000000000000000000 .50800000000000000000
.53600000000000000000 .48800000000000000000
600 600
600 600
600 600
600 600
600 600
600 600
600 600
600 600
600 600
600 600
600 600
600 600
11.38500000000000000000 600
.63600000000000000000 .59600000000000000000
600 600
600 600
600 600
.98400000000000000000 .80000000000000000000
.97600000000000000000 .85600000000000000000
600 600
600 600
600 600
600 600
600 600
600 600
600 600
600 600
600 600
600 600
600 600
600 600
600 600
.90400000000000000000 .86800000000000000000
600 600
600 600
600 600
600 600
600 600
600 600
600 600
600 600
600 600
600 600
600 600
.90800000000000000000 .89600000000000000000
600 600
600 600
600 600
600 600
600 600
600 600
600 600
.96800000000000000000 .94800000000000000000
1.50800000000000000000 600
600 600
600 600
600 600
600 600
600 600
600 600
600 600
600 600
2.56400000000000000000 2.11600000000000000000
600 600
1.14400000000000000000 2.10800000000000000000
1.15200000000000000000 1.16800000000000000000
2.48800000000000000000 2.13200000000000000000
600 600
600 600
600 600
600 600
600 600
600 600
1.08800000000000000000 1.04000000000000000000
600 600
600 600
600 600
8.09300000000000000000 6.42400000000000000000
1.18000000000000000000 1.14000000000000000000
600 600
600 600
600 600
600 600
600 600
600 600
13.91700000000000000000 11.63300000000000000000
600 600
600 600
600 600
600 600
600 600
600 600
600 600
600 600
600 600
600 600
600 600
600 600
600 600
.01200000000000000000 .01600000000000000000
.01200000000000000000 600
.01200000000000000000 600
.01200000000000000000 600
.01600000000000000000 600
.01600000000000000000 600
.01600000000000000000 600
.05200000000000000000 .05200000000000000000
.05200000000000000000 .05200000000000000000
.31600000000000000000 600
.32000000000000000000 600
.31600000000000000000 600
.34400000000000000000 600
.24800000000000000000 600
600 600
.14400000000000000000 .33600000000000000000
.14000000000000000000 .10000000000000000000
.28800000000000000000 600
600 600
.31200000000000000000 600
600 600
.92800000000000000000 600
600 600
.20000000000000000000 600
.21600000000000000000 600
600 600
.07600000000000000000 600
.16400000000000000000 600
.06000000000000000000 .06000000000000000000
600 600
.05200000000000000000 .05600000000000000000
.07600000000000000000 .07200000000000000000
.04400000000000000000 .05200000000000000000
.07600000000000000000 .07600000000000000000
600 600
.08400000000000000000 .08000000000000000000
600 600
600 600
.12400000000000000000 600
.05600000000000000000 .06000000000000000000
.09200000000000000000 600
.07200000000000000000 .08800000000000000000
.04800000000000000000 .05200000000000000000
.04800000000000000000 .05200000000000000000
.05600000000000000000 .05200000000000000000
.05200000000000000000 .06400000000000000000
.05200000000000000000 .06000000000000000000
.04800000000000000000 .05200000000000000000
.04800000000000000000 .06000000000000000000
.07200000000000000000 .08400000000000000000
.07600000000000000000 .08400000000000000000
.05600000000000000000 .04800000000000000000
.07600000000000000000 233.33100000000000000000
.04800000000000000000 .05600000000000000000
.07200000000000000000 600
.06000000000000000000 .05600000000000000000
.05200000000000000000 .05600000000000000000
.04800000000000000000 .05600000000000000000
.04800000000000000000 .05600000000000000000
.05200000000000000000 .05200000000000000000
.04000000000000000000 .05600000000000000000
.05200000000000000000 .06000000000000000000
.05600000000000000000 .08400000000000000000
.06400000000000000000 .08800000000000000000
600 600
.04000000000000000000 .05200000000000000000
.05200000000000000000 .06400000000000000000
.04800000000000000000 .05600000000000000000
.04400000000000000000 .05200000000000000000
.05600000000000000000 .06000000000000000000
.05200000000000000000 .06000000000000000000
.06000000000000000000 .05600000000000000000
.04000000000000000000 .05200000000000000000
.05600000000000000000 .05200000000000000000
600 600
600 600
600 600
.09200000000000000000 600
.20400000000000000000 600
.20800000000000000000 .17200000000000000000
.13200000000000000000 .10800000000000000000
.12400000000000000000 .09600000000000000000
.18400000000000000000 600
.12000000000000000000 .30000000000000000000
.12400000000000000000 .09200000000000000000
600 600
600 600
600 600
600 600
600 600
.06000000000000000000 .06000000000000000000
.05200000000000000000 .05600000000000000000
.06000000000000000000 .05200000000000000000
600 600
.42800000000000000000 600
600 600
.20000000000000000000 600
.34000000000000000000 600
600 600
.22400000000000000000 600
.24000000000000000000 600
.15600000000000000000 600
.32400000000000000000 600
600 600
.05600000000000000000 .06000000000000000000
600 600
.06000000000000000000 .06400000000000000000
.12000000000000000000 600
.04800000000000000000 .06400000000000000000
600 600
.27200000000000000000 600
.05600000000000000000 .05200000000000000000
600 600
.05200000000000000000 .05600000000000000000
600 600
.05200000000000000000 .07200000000000000000
.05200000000000000000 .08000000000000000000
.06800000000000000000 600
.06400000000000000000 600
.06800000000000000000 600
.08000000000000000000 27.19400000000000000000
.06400000000000000000 600
.07200000000000000000 17.08100000000000000000
.06400000000000000000 600
.06400000000000000000 600
.07600000000000000000 600
.06800000000000000000 600
.08000000000000000000 600
.07200000000000000000 600
.06400000000000000000 .08000000000000000000
.06000000000000000000 .07200000000000000000
.06400000000000000000 .08000000000000000000
.05600000000000000000 .07600000000000000000
.06800000000000000000 .06800000000000000000
.06400000000000000000 .07600000000000000000
.07600000000000000000 600
.06400000000000000000 600
.08800000000000000000 600
.06800000000000000000 .08000000000000000000
.07200000000000000000 .08000000000000000000
.08000000000000000000 600
.07600000000000000000 600
.08400000000000000000 .08000000000000000000
.07200000000000000000 .07600000000000000000
.07600000000000000000 600
.07200000000000000000 600
.07200000000000000000 600
.08000000000000000000 600
.08000000000000000000 600
.07200000000000000000 600
.07600000000000000000 600
.06800000000000000000 600
.08000000000000000000 .07600000000000000000
.08000000000000000000 .08000000000000000000
.06400000000000000000 600
.06800000000000000000 .08800000000000000000
.07200000000000000000 .08400000000000000000
.08000000000000000000 600
.07600000000000000000 600
.07600000000000000000 .08800000000000000000
.07200000000000000000 600
.07200000000000000000 600
.07600000000000000000 600
.07200000000000000000 .08000000000000000000
.07200000000000000000 .08400000000000000000
.08400000000000000000 600
.07600000000000000000 600
.07600000000000000000 .08400000000000000000
.07200000000000000000 600
.08000000000000000000 600
.08000000000000000000 .07600000000000000000
.07200000000000000000 600
.07600000000000000000 600
.07200000000000000000 600
.07600000000000000000 .18400000000000000000
.06800000000000000000 600
.08000000000000000000 .08800000000000000000
.08000000000000000000 .08800000000000000000
.07600000000000000000 63.48400000000000000000
.05600000000000000000 .38000000000000000000
.07600000000000000000 .40400000000000000000
.07600000000000000000 .08800000000000000000
.41200000000000000000 27.05800000000000000000
.08000000000000000000 .40400000000000000000
.08000000000000000000 .08400000000000000000
.06400000000000000000 .08400000000000000000
.07200000000000000000 600
.08400000000000000000 600
.12000000000000000000 600
.33200000000000000000 600
.06800000000000000000 .08400000000000000000
.33200000000000000000 600
.32800000000000000000 600
.07600000000000000000 .08800000000000000000
.07200000000000000000 .08400000000000000000
.07600000000000000000 .08800000000000000000
.08000000000000000000 .07600000000000000000
.07200000000000000000 .07600000000000000000
.07600000000000000000 .08800000000000000000
.07600000000000000000 .08000000000000000000
.07600000000000000000 .08400000000000000000
.07600000000000000000 .07600000000000000000
.06800000000000000000 .08000000000000000000
.07200000000000000000 .08400000000000000000
.07200000000000000000 .10000000000000000000
.07600000000000000000 .08000000000000000000
.07600000000000000000 .08400000000000000000
.08800000000000000000 .08000000000000000000
.08400000000000000000 .07200000000000000000
.07600000000000000000 .08000000000000000000
.07600000000000000000 .08000000000000000000
.06800000000000000000 .07200000000000000000
.07600000000000000000 .08400000000000000000
.07600000000000000000 .09200000000000000000
.08000000000000000000 .08400000000000000000
.07600000000000000000 .08000000000000000000
.02000000000000000000 .02800000000000000000
.02000000000000000000 .02000000000000000000
.02000000000000000000 .01600000000000000000
.01600000000000000000 .02000000000000000000
.01600000000000000000 .02400000000000000000
.02000000000000000000 .02800000000000000000
.03200000000000000000 .02000000000000000000
600 600
.02000000000000000000 .02400000000000000000
.02400000000000000000 .02000000000000000000
.02400000000000000000 .02000000000000000000
.02400000000000000000 .01600000000000000000
.02000000000000000000 .01600000000000000000
.02000000000000000000 .02400000000000000000
.02400000000000000000 .02400000000000000000
.02400000000000000000 .02400000000000000000
600 600
600 600
600 600
.02000000000000000000 .02400000000000000000
.02400000000000000000 .02000000000000000000
.02000000000000000000 .02000000000000000000
.02400000000000000000 .02400000000000000000
.01200000000000000000 .01600000000000000000
.02400000000000000000 .02400000000000000000
.02400000000000000000 .02000000000000000000
.01600000000000000000 .01600000000000000000
600 600
.02000000000000000000 .02000000000000000000
600 600
600 600
.01600000000000000000 .02400000000000000000
1.74400000000000000000 .02400000000000000000
.02400000000000000000 .02400000000000000000
.02000000000000000000 .02800000000000000000
.00800000000000000000 253.06000000000000000000
.01200000000000000000 .01200000000000000000
.01200000000000000000 .01600000000000000000
.01600000000000000000 .00800000000000000000
.00400000000000000000 .01200000000000000000
.01600000000000000000 .02000000000000000000
.01600000000000000000 .02400000000000000000
.02000000000000000000 600
.02400000000000000000 .02400000000000000000
.01600000000000000000 .02400000000000000000
.02400000000000000000 600
.03200000000000000000 600
.01200000000000000000 .01600000000000000000
600 .06400000000000000000
.01600000000000000000 .01600000000000000000
.01600000000000000000 .04000000000000000000
.02800000000000000000 .02800000000000000000
.02400000000000000000 .02800000000000000000
.02800000000000000000 .02400000000000000000
.02400000000000000000 .02400000000000000000
600 600
.01200000000000000000 .02000000000000000000
600 600
600 600
600 600
600 600
600 600
600 600
600 600
600 600
600 48.81100000000000000000
600 600
600 600
600 600
600 600
.03200000000000000000 .04000000000000000000
600 600
.03600000000000000000 .04400000000000000000
.03200000000000000000 .02400000000000000000
.27200000000000000000 600
600 600
600 600
600 600
600 600
600 600
600 600
600 600
600 600
600 600
.04000000000000000000 600
.04000000000000000000 600
.04000000000000000000 600
.02800000000000000000 600
.03600000000000000000 600
.04000000000000000000 600
600 600
600 600
.42400000000000000000 .40000000000000000000
600 600
600 600
600 600
600 600
600 600
600 600
600 600
.12400000000000000000 .11200000000000000000
.24400000000000000000 .22000000000000000000
600 600
600 600
600 600
.07600000000000000000 .09600000000000000000
600 600
600 600
600 600
600 600
600 106.38300000000000000000
1.81200000000000000000 1.69600000000000000000
600 600
1.14800000000000000000 1.12800000000000000000
600 600
.26000000000000000000 .26400000000000000000
1.94400000000000000000 181.91500000000000000000
600 600
.07200000000000000000 .06400000000000000000
3.73600000000000000000 600
.08400000000000000000 .09200000000000000000
600 600
.29200000000000000000 .32000000000000000000
.09200000000000000000 .09600000000000000000
.32400000000000000000 .32000000000000000000
600 600
600 600
2.29600000000000000000 2.16800000000000000000
600 600
.07600000000000000000 .08400000000000000000
600 600
600 600
600 600
.11600000000000000000 .10400000000000000000
600 600
600 600
600 600
600 600
600 600
600 600
600 600
600 600
.10400000000000000000 .09200000000000000000
600 600
600 600
600 600
600 600
600 600
600 600
600 600
600 600
600 600
.35200000000000000000 .32000000000000000000
.40000000000000000000 600
.03200000000000000000 22.05300000000000000000
600 238.80300000000000000000
600 600
600 600
600 .24800000000000000000
600 600
600 600
