53.33 6.85
10.84 7.86
600 600
600 600
600 600
600 600
600 600
600 600
600 600
0.19 600
600 600
600 54.91
600 6.17
12.94 12.98
14.51 1.68
2.45 13.31
2.46 600
600 600
600 600
14.06 16.36
0.03 0.02
600 600
600 600
1.52 0.04
600 600
600 600
9.54 600
600 600
600 600
600 600
600
0.01 0.03
3.79 53.46
600
600 600
0.18 2.27
600
2.63 2.33
2.28 2.31
5.74 6.36
0.01 0.01
0.03 0.00
0.02 0.01
0.02 0.00
600 600
1.40 600
0.01 0.01
0.00 0.00
0.01 0.00
600 600
0.00 0.01
0.07 0.98
1.36 0.04
0.02 0.02
1.37 7.56
1.46 6.44
1.52 6.46
0.01 0.01
0.01 0.01
0.01 0.01
0.01 0.01
0.01 0.01
0.01 0.00
0.01 0.01
0.00 0.01
0.01 0.01
0.01 0.02
0.02 0.01
0.02 0.01
0.02 0.02
11.04 3.30
0.02 0.02
0.02 0.02
12.54 3.34
12.62 3.33
0.56 0.02
0.02 0.03
0.01 0.01
0.02 0.01
0.00 0.01
3.35 0.02
0.01 0.01
0.02 0.01
0.02 0.01
0.01 0.01
0.01 0.01
0.01 0.01
0.02 0.02
0.03 0.03
0.04 0.01
0.03 0.04
0.01 0.02
0.01 0.02
0.01 0.02
0.02 1.40
2.13 7.14
0.02 0.68
1.41 1.33
0.02 0.01
0.02 0.00
0.01 0.01
0.02 0.01
0.02 0.02
0.02 0.02
0.02 0.02
0.02 0.15
4.21 5.53
4.24 5.44
6.03 5.49
5.28 5.46
0.01 0.02
0.01 0.01
0.01 0.01
0.01 0.01
3.26 3.40
600 600
600 600
600 600
600 600
600 600
3.71 5.11
0.01 0.01
0.01 0.01
1.71 3.31
6.87 13.69
0.04 2.62
1.71 0.84
15.00 13.87
0.01 6.68
0.06 3.24
0.72 0.59
45.28 57.81
1.20 13.72
0.01 0.01
33.77 28.88
33.58 3.34
0.01 0.00
33.50 25.28
0.01 0.00
0.22 0.04
0.07 0.88
4.47 3.26
0.01 0.00
0.90 1.18
0.11 5.92
0.35 1.40
4.51 3.27
0.01 0.01
0.01 0.01
0.00 0.01
0.02 0.00
0.01 0.54
0.01 0.00
0.16 0.02
2.45 15.06
0.26 0.02
600 600
0.02 0.58
600 600
0.03 0.04
0.01 0.00
0.04 0.30
0.01 0.01
600 54.89
1.29 1.70
600 600
0.00 0.00
8.10 6.30
0.01 0.00
600 600
0.01 0.01
1.58 1.46
1.34 0.01
0.01 0.00
1.37 1.35
1.36 0.02
600 600
600 8.00
12.80 7.59
600 600
600 600
0.73 7.62
600 600
600 600
600 600
600 600
600 600
0.05 0.03
0.25 1.40
0.12 0.11
0.02 0.02
600 600
600 600
600 600
600 600
600 0.02
600 600
0.06 6.26
600 600
1.11 600
600 600
0.06 6.27
600 0.02
600 600
600 600
600 600
600 600
600 600
600 600
600 600
600 600
600 600
600 600
10.36 7.52
600 600
600 600
0.16 0.02
600 600
0.14 0.02
600 600
0.03 0.03
0.17 0.03
600 30.28
600 600
0.17 0.02
0.11 0.02
0.16 0.02
600 600
600 600
600 600
600 600
0.02 0.02
600 600
600 600
600 600
600 4.62
600 600
0.17 0.60
600 600
600 600
0.35 0.01
600 600
600 600
600 600
600 0.50
0.04 0.03
8.33 7.61
600 600
0.40 0.02
0.11 6.31
600 600
600 600
600 600
600 600
600 600
600 600
600 600
600 600
600 600
1.78 0.12
600 600
600 600
600 600
0.22 0.03
600 600
7.28 0.28
600 600
0.00 0.00
0.37 0.03
600 600
600 600
16.74 7.06
9.08 0.63
1.73 0.12
600 600
600 600
600 600
600 600
600 600
600 600
2.99 0.75
600 600
600 600
600 600
600 600
600 600
600 600
600 600
600 600
600 600
600 600
600 600
600 600
600 600
600 600
8.32 1.72
600 2.52
3.73 16.25
8.66 600
2.14 0.11
0.08 0.07
600 600
600 600
600 600
600 600
600 600
600 600
600 600
600 600
600 600
8.44 6.32
600 7.63
600 14.16
0.08 0.09
26.27 7.56
4.26 2.99
27.90 7.54
600 600
600 600
600 600
600 600
600 600
600 600
600 600
600 600
600 600
600 600
600 7.57
0.71 0.12
600 10.14
600 7.68
600 7.81
8.46 2.97
14.36 7.55
600 7.62
600 7.54
600 600
600 600
600 600
600 600
600 600
600 600
600 600
600 600
12.76 7.58
600 600
600 600
600 11.92
600 600
600 0.68
600 600
600 600
600 7.80
600 600
600 600
600 600
600 600
600 600
600 7.64
600 600
600 600
600 7.61
3.23 1.48
16.37 5.28
600 600
600 600
600 600
600 14.35
600 600
7.88 7.51
600 7.69
600 600
600 600
600 600
600 600
600 600
600 600
600 600
600 600
22.69 20.38
600 9.41
0.16 4.33
15.42 0.18
600 0.19
600 600
600 600
600 600
600 600
600 600
600 600
0.26 0.18
600 600
600 600
600 600
600 600
4.11 14.22
600 600
600 600
600 600
600 600
600 600
600 600
600 0.22
600 7.93
600 600
600 600
600 600
600 600
600 600
600 600
600 600
600 600
600 600
600 600
600 600
600 4.47
0.01 0.02
0.01 0.00
0.01 0.00
0.01 0.00
0.01 0.00
0.01 0.00
0.02 0.02
0.02 0.02
600 600
0.01 0.01
3.29 0.22
0.01 0.01
0.01 0.01
0.19 54.54
1.27 4.57
0.00 6.50
0.12 0.08
600 600
600 600
600 600
0.01 0.00
0.01 0.00
0.00 0.00
0.00 0.00
0.00 0.01
0.00 0.01
0.01 0.00
0.01 0.07
0.01 0.20
0.00 0.00
600 600
0.02 600
0.01 0.01
600 600
0.00 0.01
0.05 600
0.01 0.04
0.01 0.00
600 2.69
0.01 0.00
1.29 0.17
0.03 600
0.00 0.01
0.01 0.02
1.66 600
0.01 0.01
0.01 2.31
0.01 0.53
0.00 0.01
0.01 0.00
0.01 0.00
0.01 0.00
0.01 0.01
0.04 0.04
0.05 0.04
0.01 0.03
600 600
0.01 0.02
600 600
6.40 6.47
600 600
600 600
600 600
0.15 0.12
600 600
600 600
600 600
6.22 6.28
0.05 0.04
600 600
600 600
600 600
0.02 0.02
600 600
600 600
600 600
600 600
600 0.96
0.01 0.02
600 600
0.01 0.02
600 600
0.20 0.19
0.28 0.26
600 600
0.02 0.02
0.28 0.26
2.22 2.18
600 600
0.08 0.08
0.02 0.02
0.09 0.09
600 600
600 600
0.02 0.01
600 600
0.01 0.02
600 600
600 600
600 600
0.17 0.15
600 600
600 600
600 600
600 600
600 600
600 600
600 600
600 600
0.02 0.01
600 600
600 600
600 600
600 600
33.20 33.37
32.38 33.31
600 600
600 600
600 600
0.07 0.07
3.08 0.06
0.70 0.19
0.05 0.02
0.00 0.00
7.00 9.37
0.00 0.00
600 600
600 600
600 600
