600 600
600 600
.00800000000000000000 .00800000000000000000
.00800000000000000000 .00800000000000000000
600 600
600 600
.01200000000000000000 .01200000000000000000
.00400000000000000000 .00400000000000000000
.00800000000000000000 .01200000000000000000
.00400000000000000000 .00400000000000000000
.00800000000000000000 .01200000000000000000
.00400000000000000000 .00800000000000000000
.00800000000000000000 .01600000000000000000
.00400000000000000000 .01200000000000000000
.00800000000000000000 .00400000000000000000
0 .00800000000000000000
.00400000000000000000 .00400000000000000000
.00400000000000000000 0
.00400000000000000000 .00400000000000000000
.00400000000000000000 .00800000000000000000
.00400000000000000000 0
.00800000000000000000 .00400000000000000000
0 .00800000000000000000
.00400000000000000000 .00400000000000000000
0 .00400000000000000000
.00800000000000000000 .00400000000000000000
0 0
.02800000000000000000 .06000000000000000000
.02000000000000000000 .03600000000000000000
600 600
2.81600000000000000000 .06000000000000000000
3.40400000000000000000 .07600000000000000000
600 600
.08400000000000000000 .03600000000000000000
600 600
600 600
600 600
.06000000000000000000 .02400000000000000000
600 600
600 600
600 600
600 600
600 600
600 600
600 600
.03200000000000000000 .02400000000000000000
1.89600000000000000000 .04800000000000000000
14.13300000000000000000 .46000000000000000000
600 600
.18800000000000000000 .06400000000000000000
600 600
.18400000000000000000 .06000000000000000000
600 600
600 600
600 600
600 600
600 600
600 600
600 600
.00800000000000000000 .01600000000000000000
.03600000000000000000 .02400000000000000000
1.47600000000000000000 .05600000000000000000
8.07300000000000000000 .86400000000000000000
600 114.12700000000000000000
.24000000000000000000 .07600000000000000000
600 600
600 600
.22400000000000000000 .08000000000000000000
600 600
.00800000000000000000 .00800000000000000000
600 600
600 600
600 600
600 600
600 600
600 600
600 600
600 600
600 600
.21600000000000000000 .75600000000000000000
.00800000000000000000 .02000000000000000000
600 600
.02000000000000000000 .05200000000000000000
1.09200000000000000000 600
2.00000000000000000000 600
600 600
600 600
600 600
600 600
600 600
600 600
7.58000000000000000000 600
7.56400000000000000000 600
600 600
.20400000000000000000 600
3.52800000000000000000 600
600 600
600 600
3.53600000000000000000 600
2.26800000000000000000 600
3.58000000000000000000 600
.00400000000000000000 .01600000000000000000
.28800000000000000000 .90000000000000000000
600 600
600 600
600 600
600 600
600 600
.36800000000000000000 2.47200000000000000000
600 600
.05200000000000000000 600
.06000000000000000000 600
600 600
600 600
600 600
600 600
