0.00 0.01
0.01 0.00
0.12 0.02
0.00 0.00
0.00 0.00
0.01 0.00
0.01 0.01
0.00 0.00
0.26 0.02
0.02 0.01
0.01 0.01
0.06 0.01
0.00 0.00
0.00 0.00
0.00 0.01
0.01 0.01
0.00 0.01
0.02 0.01
0.00 0.00
0.00 0.00
0.01 0.00
0.12 0.04
2.78 0.16
0.04 0.00
0.00 0.00
0.00 0.00
0.01 0.00
0.00 0.00
0.00 0.00
0.00 0.00
0.01 0.02
0.00 0.02
0.01 0.00
0.02 0.01
0.02 0.01
0.00 0.01
0.02 0.01
0.02 0.01
0.01 0.01
0.00 0.00
0.00 0.00
0.00 0.00
0.02 0.01
0.01 0.00
0.41 0.03
0.00 0.00
0.00 0.00
0.00 0.00
0.01 0.01
0.01 0.01
0.26 0.03
0.09 0.03
0.98 0.16
0.06 0.01
0.01 0.02
0.01 0.02
0.01 0.00
0.01 0.02
0.01 0.02
0.01 0.01
0.02 0.01
0.01 0.01
0.01 0.01
0.07 0.32
0.04 0.00
9.45 0.01
0.00 0.00
0.00 0.01
0.00 0.00
0.01 0.01
0.02 0.04
0.01 0.01
0.01 0.01
0.01 0.04
0.01 0.01
0.02 0.01
0.02 0.04
0.01 0.00
0.02 0.32
0.03 0.01
68.67 0.02
0.02 0.01
0.03 0.04
0.03 0.02
0.02 0.01
0.02 0.03
0.02 0.01
0.01 0.01
0.01 0.05
0.03 0.01
0.01 0.01
0.01 0.01
0.06 0.14
0.02 0.01
0.01 0.01
0.27 0.44
0.05 0.01
0.05 0.01
0.24 1.36
0.06 0.08
0.02 0.01
0.72 0.83
0.04 0.00
0.01 0.01
0.08 0.16
0.01 0.00
0.01 0.01
0.70 12.87
0.00 0.23
0.01 0.26
0.01 0.00
0.00 0.00
0.00 0.00
0.00 0.00
0.00 0.00
0.00 0.01
0.00 0.01
0.00 0.01
0.01 0.01
0.01 0.01
0.00 0.00
0.01 0.00
0.01 0.01
0.00 0.00
0.00 0.00
0.01 0.01
0.01 0.00
0.01 0.01
0.01 0.00
0.00 0.01
0.00 0.00
0.02 0.01
0.04 0.01
0.00 0.00
0.00 0.00
0.00 0.00
0.00 0.00
0.00 0.00
0.01 0.01
0.00 0.00
0.00 0.00
0.01 0.02
0.00 0.00
0.00 0.00
0.01 0.03
0.00 0.00
0.00 0.00
0.00 0.01
0.03 0.01
0.02 0.01
0.01 0.01
0.21 0.02
0.04 0.02
0.00 0.03
0.04 0.01
0.04 0.01
0.02 0.06
0.01 0.01
0.00 0.00
0.00 0.00
0.00 0.00
0.00 0.00
0.00 0.01
0.00 0.01
0.00 0.00
0.01 0.01
0.00 0.01
0.00 0.00
0.00 0.01
0.00 0.01
0.01 0.00
0.00 0.00
0.01 0.01
0.00 0.01
0.00 0.01
0.00 0.01
0.01 0.01
0.00 0.00
0.00 0.00
0.00 0.00
0.00 0.00
0.00 0.00
0.00 0.00
0.00 0.00
0.00 0.00
0.00 0.00
0.00 0.00
0.00 0.00
0.00 0.00
0.00 0.00
0.00 0.00
0.00 0.00
0.00 0.00
0.00 0.00
0.00 0.00
0.00 0.00
0.00 0.00
0.00 0.00
0.00 0.00
0.00 0.00
0.00 0.00
0.00 0.00
0.00 0.00
0.00 0.00
0.00 0.00
0.00 0.00
0.00 0.00
0.00 0.00
0.00 0.00
0.00 0.00
0.00 0.00
0.00 0.00
0.00 0.00
0.00 0.00
0.00 0.00
0.00 0.01
0.00 0.01
0.13 0.14
0.00 0.00
0.00 0.00
0.00 0.00
0.00 0.00
0.00 0.01
0.00 0.01
0.00 0.00
0.00 0.00
0.00 0.01
0.01 0.01
0.00 0.01
0.01 0.01
0.00 0.01
0.00 0.00
0.00 0.00
0.00 0.00
0.01 0.01
0.01 0.00
0.00 0.01
0.00 0.00
0.01 0.01
0.00 0.00
0.38 0.01
0.00 0.00
8.37 1.46
0.00 0.00
0.02 0.00
0.00 0.00
0.00 0.00
0.01 0.01
0.00 0.00
0.00 0.00
0.01 0.05
1.40 600
170.53 38.80
600 600
0.03 0.00
0.40 0.90
0.15 0.08
2.02 0.22
14.88 15.98
0.15 0.12
82.30 10.69
0.00 0.00
0.01 0.02
0.00 0.00
0.02 0.00
22.23 600
0.01 0.03
0.10 0.03
0.01 0.00
132.11 0.04
0.01 0.00
0.03 0.00
0.50 0.47
1.24 0.06
1.23 0.06
0.01 0.00
0.01 0.06
0.00 0.00
0.65 0.07
0.02 0.00
0.04 0.01
600 0.21
19.40 0.04
0.17 0.01
0.18 0.01
48.34 600
0.04 0.00
0.02 0.03
0.01 0.02
0.70 0.01
0.16 0.14
0.09 0.22
0.08 0.81
0.01 0.00
0.01 0.02
0.18 600
0.17 600
0.01 0.00
0.01 0.00
0.20 0.01
0.03 6.20
0.03 6.18
0.01 0.00
0.00 0.00
0.00 0.03
0.01 0.00
13.37 600
600 600
600 600
8.09 600
14.03 600
3.39 82.40
3.41 600
0.03 0.08
3.38 600
8.38 600
3.32 600
12.89 600
3.32 600
12.84 600
3.34 600
8.42 600
0.40 0.84
0.48 600
0.48 600
66.08 600
121.27 0.19
0.02 0.02
0.01 0.01
600 1.58
0.01 0.01
1.23 0.05
0.46 0.02
3.49 0.21
0.17 0.24
0.02 0.00
0.10 0.01
101.05 600
102.62 600
0.17 0.06
33.00 600
0.07 0.13
0.03 0.00
0.03 0.01
0.02 0.00
0.01 0.00
7.03 1.77
6.27 1.75
600 0.02
600 0.02
0.18 0.01
0.14 0.02
0.20 0.02
1.40 8.53
1.98 0.19
0.01 0.01
0.00 0.01
0.01 0.04
0.02 0.01
9.06 0.31
1.69 0.28
0.09 0.01
0.04 0.22
1.04 0.02
1.00 0.02
0.01 0.01
0.15 0.01
4.26 0.02
0.33 171.61
0.11 0.01
0.10 0.00
0.09 0.01
0.10 0.00
0.11 0.01
0.10 0.01
0.04 0.01
0.05 0.00
0.05 0.00
0.05 0.01
0.03 0.01
0.03 0.01
1.30 0.02
0.01 0.32
0.10 0.01
0.11 0.00
0.09 0.01
0.09 0.01
0.11 0.01
0.11 0.00
0.10 0.00
0.11 0.00
0.11 0.01
0.10 0.01
0.11 0.01
0.12 0.00
3.35 0.02
3.50 0.01
0.13 0.00
0.12 0.01
3.58 0.14
0.01 0.01
0.08 600
0.10 600
0.15 600
0.07 1.82
0.08 600
0.06 600
0.07 600
0.07 1.83
0.08 600
0.08 600
0.02 0.02
0.02 0.02
0.06 27.46
0.02 0.02
0.02 0.02
0.62 600
0.62 600
0.43 0.02
0.01 0.01
0.08 0.09
0.01 73.06
25.73 0.02
0.01 0.01
0.02 16.79
0.02 40.14
0.02 0.01
0.05 0.08
1.66 0.01
