.03200000000000000000 .03600000000000000000
.05200000000000000000 .06000000000000000000
.04400000000000000000 .06000000000000000000
.04800000000000000000 .06000000000000000000
.02400000000000000000 .03200000000000000000
.04400000000000000000 .05200000000000000000
.04800000000000000000 .04800000000000000000
.03200000000000000000 .04000000000000000000
.04800000000000000000 .05600000000000000000
.04000000000000000000 .05600000000000000000
.03200000000000000000 .04400000000000000000
.04000000000000000000 .06400000000000000000
.03200000000000000000 .04800000000000000000
.05200000000000000000 .06400000000000000000
.03200000000000000000 .04000000000000000000
.05200000000000000000 .06400000000000000000
.03200000000000000000 .04400000000000000000
.04400000000000000000 .05600000000000000000
.03200000000000000000 .05200000000000000000
.06000000000000000000 .05200000000000000000
.04400000000000000000 .03600000000000000000
.06000000000000000000 .06400000000000000000
.04400000000000000000 1.95200000000000000000
.06000000000000000000 .05600000000000000000
.06000000000000000000 .06000000000000000000
.03200000000000000000 .04400000000000000000
.04800000000000000000 .05200000000000000000
.04800000000000000000 .05600000000000000000
.04400000000000000000 .12800000000000000000
.06000000000000000000 .06400000000000000000
.06000000000000000000 .06000000000000000000
.04000000000000000000 .06000000000000000000
.06400000000000000000 .08000000000000000000
.07600000000000000000 .08000000000000000000
.06400000000000000000 .08400000000000000000
.04800000000000000000 .06400000000000000000
.08000000000000000000 .10400000000000000000
.03600000000000000000 .04000000000000000000
600 600
.02800000000000000000 .04000000000000000000
.05200000000000000000 .05600000000000000000
.04800000000000000000 .04800000000000000000
.03600000000000000000 .04000000000000000000
.04400000000000000000 .06000000000000000000
.05200000000000000000 .05600000000000000000
.03600000000000000000 .02800000000000000000
.05200000000000000000 .06400000000000000000
.05600000000000000000 .12800000000000000000
.08800000000000000000 .06800000000000000000
.10000000000000000000 .05600000000000000000
.14000000000000000000 .10800000000000000000
.03200000000000000000 .04400000000000000000
.04800000000000000000 .06000000000000000000
.26400000000000000000 .06400000000000000000
600 600
.03600000000000000000 .04400000000000000000
.04800000000000000000 .06000000000000000000
.04000000000000000000 .05200000000000000000
600 600
600 600
600 600
.00400000000000000000 .00400000000000000000
600 600
600 600
600 600
600 600
600 600
600 600
600 600
2.04000000000000000000 600
252.78800000000000000000 600
14.13700000000000000000 600
1.42400000000000000000 600
600 600
.10800000000000000000 .40800000000000000000
600 600
.04400000000000000000 .28000000000000000000
600 600
.01600000000000000000 .00800000000000000000
.00400000000000000000 .00800000000000000000
.00800000000000000000 .00800000000000000000
.01600000000000000000 600
.00800000000000000000 .00800000000000000000
.00800000000000000000 .00400000000000000000
600 600
.06000000000000000000 .06400000000000000000
.17200000000000000000 .46000000000000000000
.16400000000000000000 .18400000000000000000
.16400000000000000000 .17200000000000000000
.16400000000000000000 .18800000000000000000
.15200000000000000000 .16000000000000000000
.15600000000000000000 .17200000000000000000
.13600000000000000000 .14400000000000000000
.12800000000000000000 .13600000000000000000
.13200000000000000000 .35600000000000000000
.12400000000000000000 .16000000000000000000
.14800000000000000000 .16800000000000000000
600 .24800000000000000000
.30000000000000000000 .33600000000000000000
.30400000000000000000 .32800000000000000000
.14800000000000000000 .14400000000000000000
.33600000000000000000 600
600 .20000000000000000000
.17200000000000000000 600
.12000000000000000000 .12000000000000000000
600 600
600 .55200000000000000000
.05600000000000000000 .06000000000000000000
.16800000000000000000 .12400000000000000000
.05600000000000000000 .06400000000000000000
.15200000000000000000 .12800000000000000000
600 .58000000000000000000
.13600000000000000000 .10400000000000000000
600 600
600 600
.18000000000000000000 .15200000000000000000
.05200000000000000000 .06400000000000000000
.34400000000000000000 600
.12800000000000000000 .13200000000000000000
.06000000000000000000 .06000000000000000000
.06000000000000000000 .06000000000000000000
.06000000000000000000 .05200000000000000000
600 600
.05600000000000000000 .06400000000000000000
600 600
600 600
.11200000000000000000 .12000000000000000000
.11200000000000000000 .10400000000000000000
600 600
.10800000000000000000 .13200000000000000000
.05600000000000000000 .06000000000000000000
.10800000000000000000 .12800000000000000000
600 600
600 600
600 600
600 600
600 600
600 600
600 600
.06000000000000000000 .06000000000000000000
.05600000000000000000 .05600000000000000000
600 .30400000000000000000
600 600
600 600
600 600
600 600
600 600
600 600
.05600000000000000000 .06000000000000000000
.05600000000000000000 .05200000000000000000
.05600000000000000000 .05200000000000000000
.48000000000000000000 .53200000000000000000
1.68000000000000000000 .31600000000000000000
1.64800000000000000000 .28800000000000000000
.16000000000000000000 600
.16800000000000000000 .15600000000000000000
.16800000000000000000 .17600000000000000000
.14000000000000000000 .12800000000000000000
.13600000000000000000 .13600000000000000000
.16400000000000000000 .17200000000000000000
.19200000000000000000 .17200000000000000000
.12800000000000000000 .13200000000000000000
600 600
600 .30800000000000000000
.14800000000000000000 .12400000000000000000
1.68800000000000000000 .30000000000000000000
.15200000000000000000 .12800000000000000000
.05600000000000000000 .06000000000000000000
.05600000000000000000 .05600000000000000000
.06000000000000000000 .05600000000000000000
600 .19200000000000000000
.14800000000000000000 .15200000000000000000
600 .76800000000000000000
.18800000000000000000 .30800000000000000000
.15200000000000000000 .16400000000000000000
600 .52800000000000000000
.54400000000000000000 .28000000000000000000
.16000000000000000000 .15200000000000000000
.12800000000000000000 .13600000000000000000
.14800000000000000000 .15200000000000000000
600 .92400000000000000000
.06000000000000000000 .06400000000000000000
600 1.26400000000000000000
.06000000000000000000 .06400000000000000000
.14000000000000000000 .12800000000000000000
.06000000000000000000 .06000000000000000000
600 .34800000000000000000
.37200000000000000000 .29600000000000000000
600 600
600 600
.05200000000000000000 .05600000000000000000
600 600
.06000000000000000000 .06000000000000000000
.05600000000000000000 .05600000000000000000
.15200000000000000000 .11600000000000000000
.16400000000000000000 .11200000000000000000
.15200000000000000000 .10800000000000000000
.15600000000000000000 .11200000000000000000
.15600000000000000000 .11200000000000000000
.16000000000000000000 .11200000000000000000
.12000000000000000000 .10400000000000000000
.10000000000000000000 .11200000000000000000
.10400000000000000000 .12000000000000000000
.10800000000000000000 .11200000000000000000
.10800000000000000000 .11600000000000000000
.10400000000000000000 .11600000000000000000
.10000000000000000000 .11200000000000000000
.11200000000000000000 .10800000000000000000
.10800000000000000000 .10400000000000000000
.10800000000000000000 .10800000000000000000
.10000000000000000000 .11200000000000000000
.10000000000000000000 .10000000000000000000
.13600000000000000000 .16400000000000000000
.14000000000000000000 .15200000000000000000
.11200000000000000000 .14400000000000000000
.06800000000000000000 .06400000000000000000
.11600000000000000000 .12000000000000000000
.36000000000000000000 .29600000000000000000
.13200000000000000000 .16000000000000000000
.06800000000000000000 .07600000000000000000
.11600000000000000000 .10800000000000000000
.45200000000000000000 .30000000000000000000
.17200000000000000000 .17600000000000000000
.16000000000000000000 .16400000000000000000
.16400000000000000000 600
.18800000000000000000 600
.14400000000000000000 600
.11600000000000000000 .12000000000000000000
.12400000000000000000 .13200000000000000000
.12800000000000000000 .11600000000000000000
.12000000000000000000 .11200000000000000000
.12000000000000000000 .12000000000000000000
.10000000000000000000 .11600000000000000000
.11200000000000000000 .12000000000000000000
.11200000000000000000 .12400000000000000000
.11200000000000000000 .13600000000000000000
.11200000000000000000 .12000000000000000000
.12000000000000000000 .12000000000000000000
.11600000000000000000 .11600000000000000000
.11600000000000000000 .12000000000000000000
.11600000000000000000 .12400000000000000000
.12000000000000000000 .12000000000000000000
.16800000000000000000 600
.17200000000000000000 .13200000000000000000
.12000000000000000000 .10800000000000000000
.12000000000000000000 .10000000000000000000
.10400000000000000000 .10800000000000000000
.10000000000000000000 .10000000000000000000
.11200000000000000000 .09200000000000000000
.16000000000000000000 600
.20800000000000000000 600
.13600000000000000000 .12800000000000000000
.14800000000000000000 600
.12800000000000000000 .12400000000000000000
.11600000000000000000 .12000000000000000000
.12400000000000000000 .12800000000000000000
.12000000000000000000 .12000000000000000000
.13200000000000000000 .13200000000000000000
.12400000000000000000 .11600000000000000000
.12000000000000000000 .13200000000000000000
.12800000000000000000 .12800000000000000000
.11600000000000000000 .12000000000000000000
.12000000000000000000 .13200000000000000000
.18400000000000000000 .24400000000000000000
.17200000000000000000 .33600000000000000000
.11200000000000000000 .10800000000000000000
.12000000000000000000 .12400000000000000000
.12000000000000000000 .11200000000000000000
.12400000000000000000 .12000000000000000000
.12000000000000000000 .12000000000000000000
.10800000000000000000 .11200000000000000000
.12400000000000000000 .12400000000000000000
.12400000000000000000 .12400000000000000000
.12000000000000000000 .12400000000000000000
.12400000000000000000 .11600000000000000000
.12000000000000000000 .12400000000000000000
.11600000000000000000 .12800000000000000000
.11200000000000000000 .11600000000000000000
.11600000000000000000 .12400000000000000000
.12000000000000000000 .11200000000000000000
.12400000000000000000 .11600000000000000000
.12400000000000000000 .13200000000000000000
.12800000000000000000 .12800000000000000000
.12400000000000000000 .12800000000000000000
.12000000000000000000 .11200000000000000000
.10800000000000000000 .12800000000000000000
.11200000000000000000 .12000000000000000000
.11600000000000000000 .12400000000000000000
.11200000000000000000 .12400000000000000000
.11600000000000000000 .10400000000000000000
.11200000000000000000 .13200000000000000000
.11200000000000000000 .10400000000000000000
.11200000000000000000 .10800000000000000000
600 600
.12400000000000000000 .12000000000000000000
.15200000000000000000 .12400000000000000000
.10800000000000000000 .10800000000000000000
.14800000000000000000 .14000000000000000000
.14000000000000000000 .13200000000000000000
.17200000000000000000 .11600000000000000000
.14800000000000000000 .14800000000000000000
.14400000000000000000 .13200000000000000000
.14800000000000000000 600
600 600
600 600
.80400000000000000000 .18000000000000000000
.07600000000000000000 .09200000000000000000
.28800000000000000000 600
.09200000000000000000 .10400000000000000000
.07200000000000000000 .08800000000000000000
8.45700000000000000000 9.69300000000000000000
7.90000000000000000000 600
600 600
.12000000000000000000 600
.06800000000000000000 600
600 600
600 600
600 600
.06800000000000000000 600
600 600
.26000000000000000000 600
.17200000000000000000 600
.16000000000000000000 600
.24400000000000000000 600
.17200000000000000000 600
.16400000000000000000 600
9.88900000000000000000 600
