.02000000000000000000 .02800000000000000000
.04000000000000000000 .04800000000000000000
.04000000000000000000 .04800000000000000000
.04000000000000000000 .03600000000000000000
.02800000000000000000 .02400000000000000000
.04400000000000000000 .04400000000000000000
.04000000000000000000 .04800000000000000000
.02400000000000000000 .03200000000000000000
.04000000000000000000 .04800000000000000000
.03600000000000000000 .04400000000000000000
.02400000000000000000 .02000000000000000000
.04800000000000000000 .04000000000000000000
.02800000000000000000 .02800000000000000000
.03600000000000000000 .04400000000000000000
.02800000000000000000 .03200000000000000000
.04800000000000000000 .04800000000000000000
.03200000000000000000 .03200000000000000000
.04800000000000000000 .04800000000000000000
.02800000000000000000 .04000000000000000000
.06000000000000000000 .05600000000000000000
.04400000000000000000 .04800000000000000000
.06400000000000000000 .06400000000000000000
.03600000000000000000 .04000000000000000000
.08000000000000000000 .08000000000000000000
.09600000000000000000 .09200000000000000000
.02400000000000000000 .02400000000000000000
.04400000000000000000 .04000000000000000000
.03600000000000000000 .04800000000000000000
.04000000000000000000 .04400000000000000000
.04800000000000000000 .06800000000000000000
.04800000000000000000 .08000000000000000000
.03200000000000000000 .03600000000000000000
.08800000000000000000 .08800000000000000000
.07200000000000000000 .10000000000000000000
.10000000000000000000 .06800000000000000000
.04400000000000000000 .04400000000000000000
.05200000000000000000 .05600000000000000000
.02800000000000000000 .02800000000000000000
600 600
.02000000000000000000 .02400000000000000000
.04000000000000000000 .04000000000000000000
.03600000000000000000 .03600000000000000000
.01600000000000000000 .02800000000000000000
.02800000000000000000 .04400000000000000000
.04000000000000000000 .04400000000000000000
.02400000000000000000 .03200000000000000000
.04000000000000000000 .04800000000000000000
.05200000000000000000 .02800000000000000000
.09200000000000000000 .04400000000000000000
.05200000000000000000 .11200000000000000000
.18000000000000000000 .11600000000000000000
.02800000000000000000 .02800000000000000000
.03600000000000000000 .04400000000000000000
.19600000000000000000 .15200000000000000000
600 600
.02800000000000000000 .02800000000000000000
.04000000000000000000 .04400000000000000000
.04000000000000000000 .08800000000000000000
600 600
600 600
600 600
.00400000000000000000 .00400000000000000000
600 600
600 600
600 600
600 600
600 600
600 600
600 600
.34400000000000000000 1.60800000000000000000
.20400000000000000000 .33600000000000000000
8.78100000000000000000 2.52800000000000000000
73.93700000000000000000 1.44800000000000000000
600 1.26000000000000000000
.11200000000000000000 .14000000000000000000
.45200000000000000000 .46400000000000000000
.04400000000000000000 .04400000000000000000
.46400000000000000000 .48400000000000000000
.01200000000000000000 0
.00800000000000000000 .00800000000000000000
.00800000000000000000 .00800000000000000000
.01200000000000000000 .01600000000000000000
.01600000000000000000 .00800000000000000000
.00400000000000000000 .00400000000000000000
.04000000000000000000 .04000000000000000000
.04000000000000000000 .03600000000000000000
.13200000000000000000 .14400000000000000000
.13600000000000000000 .14000000000000000000
.12800000000000000000 .15200000000000000000
.14000000000000000000 .12800000000000000000
.12800000000000000000 .13600000000000000000
.15600000000000000000 .12800000000000000000
.12400000000000000000 .12000000000000000000
.11200000000000000000 .09600000000000000000
.12000000000000000000 .11200000000000000000
.11600000000000000000 .10800000000000000000
.12400000000000000000 .12800000000000000000
600 600
.16400000000000000000 .29200000000000000000
.40000000000000000000 .36400000000000000000
.11200000000000000000 .12800000000000000000
.30400000000000000000 .19600000000000000000
600 600
.14800000000000000000 .19200000000000000000
.09600000000000000000 .10800000000000000000
.04000000000000000000 .03600000000000000000
600 600
.03200000000000000000 .03600000000000000000
.10000000000000000000 .16400000000000000000
.04000000000000000000 .03600000000000000000
.10000000000000000000 .15600000000000000000
600 600
.10000000000000000000 .12800000000000000000
600 600
600 600
.11600000000000000000 .20400000000000000000
.03600000000000000000 .03600000000000000000
.35600000000000000000 .20000000000000000000
.09200000000000000000 .14000000000000000000
.04000000000000000000 .03600000000000000000
.03600000000000000000 .03600000000000000000
.04000000000000000000 .03600000000000000000
.04000000000000000000 .03600000000000000000
.04000000000000000000 .04000000000000000000
.03200000000000000000 .03200000000000000000
.03600000000000000000 .04000000000000000000
.10400000000000000000 .08800000000000000000
.10000000000000000000 .08800000000000000000
.03600000000000000000 .03600000000000000000
.09600000000000000000 .10000000000000000000
.03600000000000000000 .03600000000000000000
.10000000000000000000 .09600000000000000000
.03600000000000000000 .03600000000000000000
.03200000000000000000 .04000000000000000000
.03600000000000000000 .04000000000000000000
.03200000000000000000 .04000000000000000000
.03600000000000000000 .03600000000000000000
.04000000000000000000 .04000000000000000000
.04000000000000000000 .04000000000000000000
.04000000000000000000 .03600000000000000000
.03200000000000000000 .04000000000000000000
600 600
.03600000000000000000 .03600000000000000000
.03600000000000000000 .03600000000000000000
.03600000000000000000 .03600000000000000000
.04000000000000000000 .04000000000000000000
.04000000000000000000 .03600000000000000000
.03600000000000000000 .04000000000000000000
.04000000000000000000 .03600000000000000000
.03600000000000000000 .04000000000000000000
.03200000000000000000 .04000000000000000000
.36800000000000000000 .54800000000000000000
.93600000000000000000 5.78400000000000000000
.94400000000000000000 5.80800000000000000000
.13600000000000000000 .16800000000000000000
.12800000000000000000 .14000000000000000000
.13600000000000000000 .14000000000000000000
.10800000000000000000 .11600000000000000000
.10800000000000000000 .12800000000000000000
.12400000000000000000 .12800000000000000000
.14000000000000000000 .18800000000000000000
.10800000000000000000 .11600000000000000000
600 600
600 600
.11200000000000000000 .14800000000000000000
.94800000000000000000 5.90000000000000000000
.11600000000000000000 .15200000000000000000
.04000000000000000000 .03600000000000000000
.03600000000000000000 .04000000000000000000
.04000000000000000000 .03600000000000000000
600 600
.12000000000000000000 .14800000000000000000
600 600
.18000000000000000000 .22000000000000000000
.16000000000000000000 .17200000000000000000
600 600
.24000000000000000000 .26400000000000000000
.12000000000000000000 .14400000000000000000
.11600000000000000000 .11600000000000000000
.12000000000000000000 .13200000000000000000
600 600
.03200000000000000000 .03600000000000000000
600 600
.04000000000000000000 .03600000000000000000
.10400000000000000000 .11200000000000000000
.03600000000000000000 .04000000000000000000
600 600
.45600000000000000000 .40000000000000000000
.04000000000000000000 .03600000000000000000
600 600
.03600000000000000000 .03600000000000000000
600 600
.03200000000000000000 .04000000000000000000
.03600000000000000000 .04000000000000000000
.09600000000000000000 .16800000000000000000
.10000000000000000000 .16000000000000000000
.09600000000000000000 .14800000000000000000
.09600000000000000000 .15200000000000000000
.10000000000000000000 .15600000000000000000
.10400000000000000000 .15200000000000000000
.10000000000000000000 .09600000000000000000
.09200000000000000000 .11200000000000000000
.09600000000000000000 .10800000000000000000
.10400000000000000000 .10000000000000000000
.09200000000000000000 .10000000000000000000
.09200000000000000000 .10800000000000000000
.08400000000000000000 .08800000000000000000
.09200000000000000000 .09200000000000000000
.08400000000000000000 .08400000000000000000
.09200000000000000000 .09200000000000000000
.09200000000000000000 .08800000000000000000
.09600000000000000000 .08400000000000000000
.13600000000000000000 .14400000000000000000
.12800000000000000000 .14000000000000000000
.11600000000000000000 .11200000000000000000
.04800000000000000000 .04800000000000000000
.09600000000000000000 .10000000000000000000
.35200000000000000000 .37600000000000000000
.12000000000000000000 .12000000000000000000
.04400000000000000000 .04400000000000000000
.10400000000000000000 .10000000000000000000
.31200000000000000000 .44800000000000000000
.10400000000000000000 .16800000000000000000
.12000000000000000000 .16800000000000000000
.26800000000000000000 .17600000000000000000
.40400000000000000000 .20000000000000000000
.13600000000000000000 .13600000000000000000
.09200000000000000000 .10400000000000000000
.12400000000000000000 .11200000000000000000
.10800000000000000000 .10000000000000000000
.08800000000000000000 .09600000000000000000
.09600000000000000000 .11200000000000000000
.10400000000000000000 .10800000000000000000
.10000000000000000000 .09200000000000000000
.10800000000000000000 .09600000000000000000
.10000000000000000000 .10400000000000000000
.10000000000000000000 .10400000000000000000
.10000000000000000000 .10800000000000000000
.10400000000000000000 .10400000000000000000
.10800000000000000000 .10000000000000000000
.10400000000000000000 .10000000000000000000
.08800000000000000000 .10000000000000000000
.11200000000000000000 .10800000000000000000
.11200000000000000000 .17200000000000000000
.10800000000000000000 .10800000000000000000
.08800000000000000000 .10000000000000000000
.10000000000000000000 .10000000000000000000
.09600000000000000000 .09600000000000000000
.10000000000000000000 .10800000000000000000
.14400000000000000000 .18400000000000000000
.12800000000000000000 .14400000000000000000
.12800000000000000000 .14800000000000000000
.14400000000000000000 .14800000000000000000
.10800000000000000000 .11200000000000000000
.10400000000000000000 .11200000000000000000
.10400000000000000000 .10400000000000000000
.10400000000000000000 .09600000000000000000
.11600000000000000000 .11200000000000000000
.11200000000000000000 .10400000000000000000
.10800000000000000000 .10400000000000000000
.10400000000000000000 .11200000000000000000
.11200000000000000000 .10800000000000000000
.10400000000000000000 .10800000000000000000
.18000000000000000000 .19200000000000000000
.18000000000000000000 .19200000000000000000
.10800000000000000000 .10400000000000000000
.10400000000000000000 .09600000000000000000
.10800000000000000000 .10800000000000000000
.10800000000000000000 .09600000000000000000
.11200000000000000000 .10000000000000000000
.10400000000000000000 .10400000000000000000
.11200000000000000000 .10000000000000000000
.10800000000000000000 .10400000000000000000
.11200000000000000000 .10400000000000000000
.10400000000000000000 .09200000000000000000
.10400000000000000000 .10000000000000000000
.10800000000000000000 .10400000000000000000
.10800000000000000000 .10800000000000000000
.11200000000000000000 .10400000000000000000
.10000000000000000000 .10400000000000000000
.10800000000000000000 .09600000000000000000
.10000000000000000000 .11600000000000000000
.10800000000000000000 .11200000000000000000
.10800000000000000000 .10400000000000000000
.10000000000000000000 .09200000000000000000
.10800000000000000000 .10400000000000000000
.09600000000000000000 .11200000000000000000
.10000000000000000000 .10000000000000000000
.10000000000000000000 .10000000000000000000
.10000000000000000000 .10000000000000000000
.08400000000000000000 .09600000000000000000
.09600000000000000000 .10800000000000000000
.09600000000000000000 .09200000000000000000
600 600
.38800000000000000000 .06800000000000000000
10.78900000000000000000 .08400000000000000000
.16400000000000000000 .06000000000000000000
.33200000000000000000 .06800000000000000000
.32800000000000000000 .05600000000000000000
.41200000000000000000 .07200000000000000000
.42000000000000000000 .07200000000000000000
.44800000000000000000 .07600000000000000000
.18800000000000000000 .12800000000000000000
600 600
600 600
.53600000000000000000 .10000000000000000000
.14400000000000000000 .06400000000000000000
.56000000000000000000 .27200000000000000000
.28000000000000000000 .08000000000000000000
.15600000000000000000 .06000000000000000000
143.22900000000000000000 5.02000000000000000000
19.08500000000000000000 16.52100000000000000000
600 600
.23600000000000000000 .14800000000000000000
.13600000000000000000 .06800000000000000000
600 600
600 600
600 600
600 .06800000000000000000
600 600
600 .25200000000000000000
5.49600000000000000000 .18400000000000000000
10.19700000000000000000 .17600000000000000000
600 .24000000000000000000
11.06900000000000000000 .17600000000000000000
10.98900000000000000000 .18000000000000000000
.79600000000000000000 4.43200000000000000000
