0.01 0.01
0.01 0.01
0.01 0.01
0.01 0.01
0.01 0.00
0.01 0.01
0.01 0.01
0.01 0.01
0.01 0.01
0.01 0.01
0.01 0.01
0.01 0.01
0.01 0.01
0.01 0.02
0.01 0.01
0.01 0.00
0.01 0.00
0.01 0.01
1.32 0.00
1.32 0.06
1.11 0.02
1.11 0.04
0.05 0.61
0.04 0.01
0.01 0.00
0.01 0.01
0.00 0.01
0.01 0.01
0.04 0.09
0.03 0.01
0.00 0.01
0.00 0.01
0.01 0.02
0.02 0.02
0.05 0.10
0.04 0.04
0.05 0.58
0.01 0.01
600 600
0.01 0.01
0.01 0.01
0.02 0.01
0.00 0.01
0.01 0.01
0.01 0.01
0.00 0.00
0.00 0.01
0.00 0.02
0.02 0.01
31.60 0.02
0.05 0.13
0.00 0.01
0.02 0.01
0.03 0.02
600 600
0.01 0.01
0.01 0.01
0.03 0.02
600 600
600 600
600 600
0.01 0.02
600 600
600 600
600 600
600 600
600 600
600 600
600 600
1.75 0.09
600 12.23
600 0.32
600 0.43
600 0.18
0.18 0.05
2.82 0.58
1.26 4.93
15.17 4.98
0.01 0.00
0.00 0.00
0.01 0.01
0.01 600
0.01 0.00
0.01 0.01
0.02 0.01
0.01 0.01
0.05 1.69
0.05 1.85
0.04 1.30
0.05 1.72
0.04 1.10
0.07 0.58
0.02 0.60
0.02 0.64
0.09 0.54
0.07 0.79
0.06 1.86
600 1.24
0.15 6.67
0.03 7.50
0.06 2.20
0.04 600
600 0.84
0.01 600
0.07 0.47
0.02 0.01
600 0.84
0.01 0.02
0.06 0.61
0.02 0.02
0.04 0.60
600 0.83
0.02 0.61
600 600
600 600
0.08 1.06
0.01 0.01
0.01 600
0.02 0.58
0.02 0.01
0.01 0.01
0.02 0.02
0.01 0.01
0.01 0.01
0.01 0.01
0.01 0.01
0.01 0.02
0.01 0.01
0.02 0.01
0.05 0.04
0.00 0.01
0.01 0.04
0.01 0.01
0.01 0.01
0.02 0.01
0.01 0.01
0.01 0.01
0.01 0.01
0.01 0.01
0.02 0.01
0.02 0.01
600 0.84
0.01 0.01
0.02 0.00
0.01 0.01
0.02 0.01
0.01 0.01
0.01 0.01
0.02 0.02
0.02 0.01
0.02 0.01
7.55 0.81
1.28 0.81
1.27 0.80
0.03 600
0.09 0.20
0.08 0.65
0.05 0.61
0.05 0.61
0.06 0.21
0.08 0.08
0.04 0.61
600 600
600 1.12
0.62 0.08
1.30 0.77
1.28 0.03
0.01 0.01
0.01 0.02
0.02 0.01
600 1.30
0.16 0.65
600 1.32
1.32 0.92
0.58 0.66
600 0.92
0.06 2.26
0.12 0.63
0.12 0.64
0.08 0.66
600 1.28
0.02 0.01
600 1.36
0.01 0.01
0.07 0.65
0.01 0.01
600 0.84
0.18 0.96
0.01 0.01
600 600
0.02 0.01
600 2.70
0.02 0.01
0.02 0.02
0.03 0.43
0.03 0.49
0.04 0.68
0.03 0.49
0.04 0.44
0.04 0.45
0.01 0.03
0.02 0.02
0.02 0.03
0.02 0.03
0.03 0.02
0.02 0.03
0.02 0.02
0.01 0.01
0.01 0.01
0.01 0.01
0.02 0.02
0.02 0.02
0.02 0.62
0.02 0.60
0.06 0.25
0.03 0.07
0.02 0.09
0.02 0.82
0.06 0.25
0.03 0.08
0.02 0.09
0.02 0.83
0.02 0.22
0.02 0.22
0.02 600
0.02 600
0.02 600
0.02 0.04
0.10 0.13
0.01 0.01
0.02 0.01
0.02 0.03
0.01 0.02
0.01 0.01
0.02 0.03
0.02 0.43
0.01 0.01
0.02 0.03
0.02 0.03
0.02 0.03
0.02 0.02
0.02 0.01
0.03 600
0.04 0.07
0.02 0.03
0.02 0.03
0.02 0.03
0.02 0.02
0.03 0.02
0.02 600
0.02 600
0.02 0.28
0.02 600
0.01 0.06
0.02 0.06
0.02 0.27
0.02 0.26
0.02 0.28
0.02 0.05
0.02 0.27
0.02 0.26
0.03 0.06
0.02 0.06
0.03 0.26
0.03 0.26
0.02 0.13
0.02 0.24
0.02 0.06
0.01 0.24
0.01 0.23
0.02 0.06
0.02 0.06
0.02 0.06
0.02 0.06
0.02 0.06
0.02 0.06
0.01 0.06
0.02 0.06
0.02 0.06
0.02 0.06
0.02 0.06
0.03 0.06
0.02 0.06
0.02 0.06
0.02 0.06
0.02 0.06
0.02 0.06
0.02 0.06
0.01 0.06
0.02 0.06
0.02 0.06
0.02 0.06
0.02 0.06
8.50 0.17
3.32 0.10
2.57 0.14
34.35 0.18
8.90 0.10
2.72 0.08
2.92 0.07
1.35 0.06
1.92 0.17
0.08 0.12
8.74 600
8.14 600
6.97 0.10
0.06 0.05
0.30 2.56
0.06 0.07
0.05 0.05
0.28 0.07
0.48 2.57
600 10.49
1.34 0.14
1.33 2.54
9.17 3.56
9.15 600
600 10.29
1.36 3.40
1.38 9.72
8.46 3.31
1.34 2.76
1.33 2.59
7.83 2.71
1.32 2.60
1.30 2.59
1.42 2.61
