.01600000000000000000 .01600000000000000000
.00800000000000000000 .00800000000000000000
.02000000000000000000 .01600000000000000000
.01200000000000000000 .02000000000000000000
.01600000000000000000 .01200000000000000000
.00800000000000000000 .01600000000000000000
.02000000000000000000 .01600000000000000000
.01600000000000000000 .01600000000000000000
.02000000000000000000 .01200000000000000000
.02800000000000000000 .01600000000000000000
.01200000000000000000 .01600000000000000000
.02400000000000000000 .01200000000000000000
.02000000000000000000 .01600000000000000000
.00800000000000000000 .01200000000000000000
.02000000000000000000 .02000000000000000000
.01200000000000000000 .01600000000000000000
.02000000000000000000 .01600000000000000000
.01600000000000000000 .02400000000000000000
.02000000000000000000 .01600000000000000000
.01600000000000000000 .01600000000000000000
.01200000000000000000 .01600000000000000000
.01200000000000000000 .01200000000000000000
.00800000000000000000 .00800000000000000000
.02400000000000000000 .02800000000000000000
.01600000000000000000 .01600000000000000000
.01600000000000000000 .01600000000000000000
.01600000000000000000 .00800000000000000000
.01600000000000000000 .02000000000000000000
.00800000000000000000 .00800000000000000000
.01600000000000000000 .01200000000000000000
.02400000000000000000 .01600000000000000000
.00800000000000000000 .00800000000000000000
.04000000000000000000 .04400000000000000000
.01600000000000000000 .01600000000000000000
.01600000000000000000 .01600000000000000000
.03600000000000000000 .02400000000000000000
.02400000000000000000 .02000000000000000000
.02400000000000000000 .01600000000000000000
.03200000000000000000 .02000000000000000000
.18000000000000000000 .01600000000000000000
.01200000000000000000 .01600000000000000000
.02800000000000000000 .02000000000000000000
.01600000000000000000 .01600000000000000000
.01200000000000000000 .01200000000000000000
.02000000000000000000 .01200000000000000000
.02000000000000000000 .01600000000000000000
.01200000000000000000 .01200000000000000000
.01600000000000000000 .00800000000000000000
.02000000000000000000 .01600000000000000000
.01600000000000000000 .01600000000000000000
.02000000000000000000 .01200000000000000000
.02800000000000000000 .01200000000000000000
.01200000000000000000 .01600000000000000000
.03200000000000000000 .02800000000000000000
.01600000000000000000 .01600000000000000000
.01600000000000000000 .01200000000000000000
.04000000000000000000 .02000000000000000000
2.34000000000000000000 .01600000000000000000
.01200000000000000000 .01200000000000000000
.03200000000000000000 .03600000000000000000
.01600000000000000000 .01600000000000000000
.02400000000000000000 .01600000000000000000
.04000000000000000000 .01600000000000000000
.05200000000000000000 .01200000000000000000
.04800000000000000000 .00800000000000000000
.03200000000000000000 .02000000000000000000
.02800000000000000000 .02000000000000000000
.01200000000000000000 .01600000000000000000
.02000000000000000000 .02400000000000000000
.02400000000000000000 .02000000000000000000
.03600000000000000000 .01200000000000000000
.02800000000000000000 .03200000000000000000
.02400000000000000000 .02000000000000000000
.03200000000000000000 .01200000000000000000
.04400000000000000000 .08800000000000000000
.03200000000000000000 .02000000000000000000
600 .01200000000000000000
.03600000000000000000 138.64900000000000000000
.03200000000000000000 .02000000000000000000
.01600000000000000000 .00800000000000000000
.04000000000000000000 .05200000000000000000
.03600000000000000000 .02000000000000000000
.02000000000000000000 .01600000000000000000
.02400000000000000000 .06000000000000000000
.02400000000000000000 .02000000000000000000
.03200000000000000000 .00800000000000000000
.02000000000000000000 .02800000000000000000
.02400000000000000000 .01600000000000000000
.06800000000000000000 .01200000000000000000
.02000000000000000000 .04000000000000000000
.03200000000000000000 .01600000000000000000
.00800000000000000000 .01200000000000000000
.02000000000000000000 .00800000000000000000
.07600000000000000000 .01200000000000000000
.01600000000000000000 .01200000000000000000
.00800000000000000000 .01200000000000000000
.02000000000000000000 .02000000000000000000
.02000000000000000000 .01600000000000000000
.02800000000000000000 .02000000000000000000
.02800000000000000000 .02000000000000000000
.00800000000000000000 .01600000000000000000
.02800000000000000000 .02400000000000000000
.02000000000000000000 .02000000000000000000
.01600000000000000000 .01600000000000000000
.01200000000000000000 .01200000000000000000
.02000000000000000000 .02000000000000000000
.02000000000000000000 .00400000000000000000
.01600000000000000000 .02400000000000000000
.02000000000000000000 .01600000000000000000
.01600000000000000000 .01600000000000000000
.01200000000000000000 .01200000000000000000
.01200000000000000000 .01200000000000000000
.01200000000000000000 .01200000000000000000
.00800000000000000000 .00400000000000000000
.02000000000000000000 .00400000000000000000
.00800000000000000000 .01600000000000000000
.00800000000000000000 .01200000000000000000
.01200000000000000000 .02000000000000000000
.01200000000000000000 .01200000000000000000
.01200000000000000000 .00800000000000000000
.01200000000000000000 .02000000000000000000
.01600000000000000000 .01200000000000000000
.01600000000000000000 .01600000000000000000
.01600000000000000000 .01200000000000000000
.01600000000000000000 .01600000000000000000
.01200000000000000000 .00800000000000000000
.05600000000000000000 .00800000000000000000
.02000000000000000000 .01200000000000000000
163.28600000000000000000 .01600000000000000000
.03600000000000000000 .01200000000000000000
.01600000000000000000 .01600000000000000000
.01600000000000000000 .01200000000000000000
.01600000000000000000 .02800000000000000000
.04000000000000000000 .03600000000000000000
.01200000000000000000 .01600000000000000000
.01600000000000000000 .01200000000000000000
.01200000000000000000 .01200000000000000000
.01200000000000000000 .01600000000000000000
.01600000000000000000 .01600000000000000000
.01200000000000000000 .02000000000000000000
.01600000000000000000 .01600000000000000000
.01600000000000000000 .01200000000000000000
.01600000000000000000 .02000000000000000000
.01600000000000000000 .01600000000000000000
.01600000000000000000 .01600000000000000000
.01600000000000000000 .01200000000000000000
.01200000000000000000 .01200000000000000000
.01600000000000000000 .00400000000000000000
.01600000000000000000 .01600000000000000000
.02000000000000000000 .01200000000000000000
.01600000000000000000 .01200000000000000000
.02000000000000000000 .02000000000000000000
.03200000000000000000 .02000000000000000000
.01600000000000000000 .02400000000000000000
.02000000000000000000 .02800000000000000000
.12800000000000000000 .00400000000000000000
.04000000000000000000 .01200000000000000000
.01600000000000000000 .02000000000000000000
.02400000000000000000 .02000000000000000000
.01600000000000000000 .01200000000000000000
.01200000000000000000 .01600000000000000000
.02000000000000000000 .02800000000000000000
.01600000000000000000 .00800000000000000000
.02000000000000000000 .02400000000000000000
.01600000000000000000 .03600000000000000000
.02400000000000000000 .01600000000000000000
.02400000000000000000 .01600000000000000000
.01600000000000000000 .02400000000000000000
.01200000000000000000 .01200000000000000000
.04400000000000000000 .03200000000000000000
.02400000000000000000 .02400000000000000000
.02000000000000000000 .01600000000000000000
.01600000000000000000 .01200000000000000000
.01600000000000000000 .02000000000000000000
.02800000000000000000 .02000000000000000000
.02000000000000000000 .01600000000000000000
.04000000000000000000 .02000000000000000000
.03600000000000000000 .10800000000000000000
.01600000000000000000 .01200000000000000000
.01200000000000000000 .01600000000000000000
.02400000000000000000 .01600000000000000000
.02000000000000000000 .02000000000000000000
.02000000000000000000 .01200000000000000000
.01200000000000000000 .02400000000000000000
.02400000000000000000 .02400000000000000000
.02000000000000000000 .02400000000000000000
.02400000000000000000 .01600000000000000000
.01600000000000000000 .01600000000000000000
.02000000000000000000 .02000000000000000000
.02000000000000000000 .01600000000000000000
.02400000000000000000 .02400000000000000000
.01200000000000000000 .01600000000000000000
.02400000000000000000 .02400000000000000000
.02000000000000000000 .02400000000000000000
.02400000000000000000 .02400000000000000000
.01200000000000000000 .01600000000000000000
.02000000000000000000 .02000000000000000000
.02000000000000000000 .01600000000000000000
.01600000000000000000 .01600000000000000000
.01600000000000000000 .02400000000000000000
.02000000000000000000 .02400000000000000000
.02000000000000000000 .01200000000000000000
.02400000000000000000 .02400000000000000000
.02400000000000000000 .01600000000000000000
.01200000000000000000 .02400000000000000000
.02400000000000000000 .02000000000000000000
.02000000000000000000 .02400000000000000000
.02400000000000000000 .02000000000000000000
.02000000000000000000 .01600000000000000000
.02400000000000000000 .02000000000000000000
.01600000000000000000 .01600000000000000000
.02000000000000000000 .02400000000000000000
.01600000000000000000 .02000000000000000000
.02400000000000000000 .01600000000000000000
.01600000000000000000 .02400000000000000000
.02400000000000000000 .02000000000000000000
.06800000000000000000 .03200000000000000000
.01200000000000000000 .02400000000000000000
.01600000000000000000 .01600000000000000000
.02400000000000000000 .02400000000000000000
.02400000000000000000 .01600000000000000000
.01200000000000000000 .01600000000000000000
.02000000000000000000 .01600000000000000000
.02000000000000000000 .01600000000000000000
.01600000000000000000 .02400000000000000000
8.65700000000000000000 .09200000000000000000
.17200000000000000000 .08800000000000000000
.02400000000000000000 .13200000000000000000
.01600000000000000000 .02800000000000000000
.02400000000000000000 .42800000000000000000
.02000000000000000000 .02400000000000000000
.02400000000000000000 5.75600000000000000000
.01600000000000000000 .02800000000000000000
.02000000000000000000 .01600000000000000000
.02000000000000000000 .01600000000000000000
.02000000000000000000 .02000000000000000000
.02000000000000000000 .02400000000000000000
.00800000000000000000 .02400000000000000000
.01600000000000000000 .01600000000000000000
.02000000000000000000 .02000000000000000000
600 600
.02000000000000000000 .02000000000000000000
600 600
.01200000000000000000 .01200000000000000000
.07200000000000000000 .01200000000000000000
.01600000000000000000 .01200000000000000000
600 600
600 600
.01600000000000000000 .01600000000000000000
.01600000000000000000 .01600000000000000000
600 600
600 600
600 600
600 600
.01200000000000000000 .02000000000000000000
600 600
.01200000000000000000 .02400000000000000000
.11600000000000000000 600
.01200000000000000000 .00800000000000000000
.01200000000000000000 .02000000000000000000
.66800000000000000000 600
.01200000000000000000 .01600000000000000000
.02000000000000000000 .01200000000000000000
.01600000000000000000 .01200000000000000000
26.31800000000000000000 .01200000000000000000
.12400000000000000000 .01600000000000000000
.08800000000000000000 .01200000000000000000
.02000000000000000000 .02400000000000000000
.52000000000000000000 .01200000000000000000
600 .15600000000000000000
.61200000000000000000 .01200000000000000000
.28800000000000000000 .18400000000000000000
600 600
600 .01200000000000000000
.33200000000000000000 .01600000000000000000
.02800000000000000000 .02000000000000000000
.01200000000000000000 .01200000000000000000
.01200000000000000000 .01600000000000000000
.70400000000000000000 .01200000000000000000
.19200000000000000000 .00800000000000000000
600 .13200000000000000000
600 600
600 .01200000000000000000
.07200000000000000000 .04400000000000000000
.06800000000000000000 .01600000000000000000
23.87300000000000000000 .02800000000000000000
600 .01200000000000000000
.08000000000000000000 .03600000000000000000
.02400000000000000000 .03200000000000000000
.91200000000000000000 2.52800000000000000000
4.52400000000000000000 .01600000000000000000
.28000000000000000000 .01200000000000000000
15.67300000000000000000 .01200000000000000000
.03200000000000000000 .00800000000000000000
600 600
600 .01600000000000000000
600 .01600000000000000000
.02000000000000000000 .01200000000000000000
.01600000000000000000 .01600000000000000000
.01200000000000000000 .02000000000000000000
2.51200000000000000000 .01200000000000000000
8.66900000000000000000 .01200000000000000000
.01200000000000000000 .00400000000000000000
.22000000000000000000 .02000000000000000000
3.37600000000000000000 .01200000000000000000
.03600000000000000000 .01200000000000000000
.05200000000000000000 .01600000000000000000
163.15000000000000000000 .01600000000000000000
.24800000000000000000 .01200000000000000000
80.02500000000000000000 .11200000000000000000
.05600000000000000000 .01200000000000000000
600 .02000000000000000000
600 .01200000000000000000
600 600
600 .02000000000000000000
600 .01600000000000000000
600 .02000000000000000000
600 .02000000000000000000
600 .01600000000000000000
600 .01600000000000000000
600 .01600000000000000000
600 .01600000000000000000
.06000000000000000000 .00800000000000000000
600 .12000000000000000000
600 .18800000000000000000
.01200000000000000000 .00800000000000000000
600 .07200000000000000000
.13200000000000000000 .00800000000000000000
.01600000000000000000 .02000000000000000000
600 .01200000000000000000
.02000000000000000000 .02000000000000000000
600 .01600000000000000000
.09200000000000000000 .16400000000000000000
600 .01200000000000000000
.01600000000000000000 .01200000000000000000
.33200000000000000000 .01600000000000000000
.35600000000000000000 .02000000000000000000
600 .00800000000000000000
600 .01600000000000000000
.01600000000000000000 .01600000000000000000
600 .01600000000000000000
36.45800000000000000000 .03600000000000000000
.02000000000000000000 5.04800000000000000000
.01200000000000000000 8.94100000000000000000
.01600000000000000000 14.12900000000000000000
.02000000000000000000 4.85600000000000000000
600 .01600000000000000000
600 .01200000000000000000
600 .02800000000000000000
600 .02800000000000000000
600 .01600000000000000000
600 .01600000000000000000
1.40400000000000000000 .01600000000000000000
600 600
600 600
600 .02800000000000000000
600 .02800000000000000000
.04400000000000000000 .02000000000000000000
.01600000000000000000 .02000000000000000000
600 600
.01600000000000000000 .02000000000000000000
.08000000000000000000 .01200000000000000000
600 .19600000000000000000
58.74800000000000000000 .91200000000000000000
12.94900000000000000000 .80400000000000000000
600 .00800000000000000000
.01600000000000000000 .11200000000000000000
600 2.52800000000000000000
600 .01600000000000000000
6.96000000000000000000 .01600000000000000000
.46400000000000000000 .01600000000000000000
2.86800000000000000000 .01600000000000000000
.41600000000000000000 .02000000000000000000
.44400000000000000000 .01600000000000000000
1.39600000000000000000 .01600000000000000000
3.46000000000000000000 .02000000000000000000
.32800000000000000000 .01600000000000000000
1.60800000000000000000 .02000000000000000000
.34800000000000000000 .01600000000000000000
19.11700000000000000000 .01600000000000000000
99.63800000000000000000 .02000000000000000000
.24000000000000000000 .02000000000000000000
.84000000000000000000 .01600000000000000000
3.74000000000000000000 .01200000000000000000
.07600000000000000000 .01600000000000000000
21.31700000000000000000 .00800000000000000000
1.48000000000000000000 .01600000000000000000
4.17600000000000000000 .01600000000000000000
16.81700000000000000000 .01600000000000000000
3.48800000000000000000 .01600000000000000000
5.06400000000000000000 .01200000000000000000
.32000000000000000000 .01200000000000000000
4.39200000000000000000 .02000000000000000000
7.44800000000000000000 .01600000000000000000
18.84500000000000000000 .02000000000000000000
.60000000000000000000 .01600000000000000000
.04400000000000000000 .15200000000000000000
600 .12000000000000000000
600 .10800000000000000000
600 600
.05600000000000000000 .03200000000000000000
600 .01600000000000000000
4.50800000000000000000 .01200000000000000000
600 .02000000000000000000
19.67700000000000000000 .02000000000000000000
90.08600000000000000000 .02000000000000000000
43.89900000000000000000 .02000000000000000000
600 .02000000000000000000
600 .02000000000000000000
600 .02400000000000000000
600 .01600000000000000000
.14400000000000000000 .05600000000000000000
.12800000000000000000 .04000000000000000000
1.66000000000000000000 .02800000000000000000
.34000000000000000000 .03600000000000000000
.27200000000000000000 .08400000000000000000
600 .16800000000000000000
600 .16400000000000000000
.50000000000000000000 .05600000000000000000
.02400000000000000000 .02000000000000000000
.02400000000000000000 .42800000000000000000
.08400000000000000000 .04400000000000000000
.08000000000000000000 .02000000000000000000
.03200000000000000000 .02800000000000000000
54.83500000000000000000 600
1.31200000000000000000 .12800000000000000000
.08800000000000000000 .02000000000000000000
600 .34800000000000000000
.13600000000000000000 .04000000000000000000
